1388476802, CNN, 3, 2
1388505601, CNN, 3, 2
1388534402, CNN, 4, 4
1388563201, CNN, 3, 4
1388592001, CNN, 4, 5
1388620801, CNN, 3, 4
1388649601, CNN, 1, 4
1388678401, CNN, 2, 4
1388707201, CNN, 3, 5
1388736001, CNN, 4, 4
1388764801, CNN, 6, 3
1388793601, CNN, 5, 3
1388822401, CNN, 5, 3
1388851201, CNN, 5, 4
1388880001, CNN, 5, 4
1388908801, CNN, 5, 4
1388937602, CNN, 4, 4
1388966402, CNN, 4, 4
1388995201, CNN, 5, 4
1389024001, CNN, 6, 2
1389052801, CNN, 5, 2
1389081601, CNN, 3, 3
1389110401, CNN, 2, 4
1389139201, CNN, 1, 4
1389168001, CNN, 2, 4
1389196801, CNN, 4, 2
1389225601, CNN, 5, 2
1389254401, CNN, 6, 3
1389283201, CNN, 6, 4
1389312001, CNN, 5, 4
1389340802, CNN, 6, 3
1389369601, CNN, 7, 4
1389398402, CNN, 7, 3
1389427201, CNN, 8, 4
1389456001, CNN, 7, 4
1389484801, CNN, 7, 4
1389513601, CNN, 4, 4
1389542401, CNN, 5, 5
1389571201, CNN, 8, 5
1389600001, CNN, 8, 5
1389628801, CNN, 8, 6
1389657601, CNN, 4, 3
1389686401, CNN, 6, 4
1389715202, CNN, 4, 4
1389744001, CNN, 6, 3
1389772801, CNN, 6, 3
1389801601, CNN, 5, 2
1389830401, CNN, 4, 2
1389859201, CNN, 7, 2
1389888001, CNN, 4, 2
1389916801, CNN, 2, 2
1389945601, CNN, 5, 3
1389974401, CNN, 3, 4
1390003202, CNN, 3, 0
1390032001, CNN, 3, 1
1390060801, CNN, 7, 1
1390089601, CNN, 9, 2
1390118402, CNN, 8, 0
1390147201, CNN, 5, 0
1390176001, CNN, 5, 0
1390204801, CNN, 5, 2
1390233601, CNN, 6, 1
1390262401, CNN, 6, 0
1390291202, CNN, 5, 0
1390320001, CNN, 5, 0
1390348802, CNN, 4, 1
1390377602, CNN, 4, 1
1390406401, CNN, 4, 1
1390435201, CNN, 4, 2
1390464001, CNN, 3, 2
1390492801, CNN, 2, 3
1390521601, CNN, 3, 2
1390550401, CNN, 3, 2
1390579201, CNN, 5, 0
1390608001, CNN, 5, 0
1390636802, CNN, 8, 1
1390665601, CNN, 6, 1
1390694401, CNN, 8, 1
1390723201, CNN, 9, 1
1390752001, CNN, 8, 2
1390780802, CNN, 5, 2
1390809601, CNN, 4, 3
1390838402, CNN, 4, 3
1390867201, CNN, 5, 2
1390896001, CNN, 7, 1
1390924801, CNN, 9, 3
1390953601, CNN, 5, 2
1390982401, CNN, 3, 3
1391011201, CNN, 2, 3
1391040001, CNN, 2, 3
1391068801, CNN, 6, 3
1391097602, CNN, 9, 0
1391126401, CNN, 7, 0
1391155201, CNN, 5, 1
1391184001, CNN, 8, 2
1391212801, CNN, 7, 2
1391241601, CNN, 6, 3
1391270401, CNN, 6, 3
1391299202, CNN, 6, 3
1391328001, CNN, 9, 3
1391356801, CNN, 9, 4
1391385601, CNN, 8, 3
1391414402, CNN, 8, 3
1391443202, CNN, 6, 0
1391472001, CNN, 5, 1
1391500801, CNN, 6, 1
1391529601, CNN, 9, 1
1391558401, CNN, 8, 0
1391587201, CNN, 7, 0
1391616002, CNN, 6, 0
1391644801, CNN, 7, 1
1391673601, CNN, 9, 1
1391702401, CNN, 7, 2
1391731202, CNN, 6, 2
1391760001, CNN, 7, 1
1391788801, CNN, 7, 2
1391817601, CNN, 8, 2
1391846401, CNN, 6, 2
1391875201, CNN, 8, 2
1391904001, CNN, 8, 2
1391932801, CNN, 7, 1
1391961601, CNN, 8, 1
1391990401, CNN, 5, 1
1392019201, CNN, 6, 1
1392048002, CNN, 6, 1
1392076801, CNN, 11, 2
1392105601, CNN, 9, 2
1392134401, CNN, 6, 1
1392163201, CNN, 4, 1
1392192001, CNN, 4, 1
1392220801, CNN, 6, 2
1392249601, CNN, 6, 1
1392278401, CNN, 4, 1
1392307201, CNN, 5, 1
1392336001, CNN, 4, 2
1392364801, CNN, 7, 2
1392393601, CNN, 9, 1
1392422401, CNN, 5, 2
1392451202, CNN, 5, 2
1392480001, CNN, 5, 1
1392508801, CNN, 5, 1
1392537601, CNN, 4, 1
1392566401, CNN, 5, 2
1392595201, CNN, 0, 0
1392624001, CNN, 7, 2
1392652801, CNN, 8, 2
1392681601, CNN, 8, 1
1392710401, CNN, 8, 2
1392739201, CNN, 6, 2
1392768001, CNN, 6, 1
1392796801, CNN, 7, 1
1392825602, CNN, 7, 1
1392854401, CNN, 4, 2
1392883201, CNN, 5, 2
1392912001, CNN, 7, 3
1392940801, CNN, 6, 3
1392969601, CNN, 10, 3
1392998402, CNN, 8, 3
1393027201, CNN, 5, 3
1393056001, CNN, 3, 4
1393084801, CNN, 2, 2
1393113601, CNN, 2, 2
1393142401, CNN, 2, 2
1393171201, CNN, 5, 2
1393200001, CNN, 8, 2
1393228801, CNN, 4, 3
1393257601, CNN, 3, 3
1393286401, CNN, 5, 2
1393315201, CNN, 5, 3
1393344001, CNN, 4, 2
1393372802, CNN, 3, 0
1393401601, CNN, 5, 0
1393430401, CNN, 7, 0
1393459201, CNN, 7, 1
1393488002, CNN, 8, 1
1393516801, CNN, 7, 1
1393545602, CNN, 4, 1
1393574402, CNN, 6, 1
1393603202, CNN, 6, 0
1393632001, CNN, 5, 2
1393660801, CNN, 7, 2
1393689601, CNN, 8, 2
1393718401, CNN, 8, 1
1393747201, CNN, 6, 1
1393776001, CNN, 7, 0
1393804801, CNN, 6, 0
1393833601, CNN, 7, 0
1393862401, CNN, 6, 2
1393891201, CNN, 6, 3
1393920001, CNN, 5, 3
1393948801, CNN, 5, 3
1393977601, CNN, 3, 3
1394006401, CNN, 5, 2
1394035201, CNN, 5, 1
1394064001, CNN, 2, 1
1394092801, CNN, 2, 1
1394121601, CNN, 2, 1
1394150401, CNN, 1, 1
1394179201, CNN, 2, 1
1394208001, CNN, 3, 1
1394236801, CNN, 2, 0
1394265601, CNN, 2, 0
1394294402, CNN, 1, 0
1394323201, CNN, 1, 0
1394352001, CNN, 2, 0
1394377201, CNN, 3, 0
1394406001, CNN, 6, 0
1394434802, CNN, 8, 0
1394463601, CNN, 6, 0
1394492401, CNN, 5, 0
1394521201, CNN, 4, 0
1394550001, CNN, 4, 0
1394578802, CNN, 6, 0
1394607601, CNN, 6, 2
1394636401, CNN, 4, 2
1394665201, CNN, 4, 2
1394694001, CNN, 5, 3
1394722802, CNN, 7, 1
1394751601, CNN, 4, 2
1394780401, CNN, 4, 2
1394809201, CNN, 6, 1
1394838001, CNN, 6, 1
1394866801, CNN, 5, 3
1394895601, CNN, 4, 3
1394924401, CNN, 4, 3
1394953201, CNN, 3, 2
1394982001, CNN, 1, 2
1395010802, CNN, 0, 2
1395039602, CNN, 1, 2
1395068401, CNN, 2, 2
1395097201, CNN, 2, 0
1395126001, CNN, 2, 0
1395154801, CNN, 1, 0
1395183601, CNN, 2, 0
1395212401, CNN, 3, 1
1395241202, CNN, 4, 1
1395270001, CNN, 4, 0
1395298801, CNN, 4, 0
1395327601, CNN, 5, 0
1395356401, CNN, 4, 0
1395385202, CNN, 5, 0
1395414002, CNN, 4, 0
1395442801, CNN, 2, 0
1395471601, CNN, 2, 0
1395500401, CNN, 3, 0
1395529201, CNN, 4, 1
1395558001, CNN, 8, 1
1395586801, CNN, 9, 1
1395615601, CNN, 6, 1
1395644401, CNN, 6, 1
1395673201, CNN, 6, 1
1395702001, CNN, 5, 0
1395730801, CNN, 5, 0
1395759602, CNN, 7, 1
1395788401, CNN, 4, 1
1395817201, CNN, 5, 1
1395846001, CNN, 8, 2
1395874801, CNN, 9, 1
1395903602, CNN, 9, 1
1395932401, CNN, 9, 1
1395961201, CNN, 5, 0
1395990001, CNN, 5, 0
1396018801, CNN, 5, 1
1396047601, CNN, 3, 1
1396076401, CNN, 3, 1
1396105201, CNN, 1, 1
1396134001, CNN, 1, 1
1396162801, CNN, 2, 1
1396191601, CNN, 2, 2
1396220401, CNN, 2, 2
1396249201, CNN, 1, 2
1396278001, CNN, 2, 2
1396306801, CNN, 2, 2
1396335601, CNN, 4, 2
1396364401, CNN, 3, 0
1396393201, CNN, 3, 1
1396422001, CNN, 3, 1
1396450801, CNN, 6, 1
1396479601, CNN, 4, 3
1396508401, CNN, 4, 2
1396537201, CNN, 3, 2
1396566002, CNN, 4, 1
1396594802, CNN, 4, 1
1396623601, CNN, 4, 1
1396652401, CNN, 4, 2
1396681202, CNN, 7, 2
1396710002, CNN, 8, 1
1396738801, CNN, 10, 1
1396767601, CNN, 8, 1
1396796402, CNN, 9, 1
1396825201, CNN, 8, 1
1396854001, CNN, 9, 1
1396882801, CNN, 8, 1
1396911602, CNN, 7, 0
1396940402, CNN, 10, 0
1396969201, CNN, 12, 0
1396998001, CNN, 12, 0
1397026801, CNN, 11, 0
1397055602, CNN, 7, 0
1397084401, CNN, 6, 1
1397113201, CNN, 5, 2
1397142001, CNN, 4, 2
1397170801, CNN, 2, 2
1397199601, CNN, 3, 2
1397228401, CNN, 6, 1
1397257202, CNN, 5, 0
1397286001, CNN, 6, 2
1397314801, CNN, 6, 1
1397343602, CNN, 6, 1
1397372401, CNN, 4, 1
1397401201, CNN, 6, 1
1397430002, CNN, 6, 1
1397458801, CNN, 6, 0
1397487601, CNN, 7, 0
1397516401, CNN, 7, 1
1397545201, CNN, 6, 1
1397574001, CNN, 6, 1
1397602801, CNN, 5, 2
1397631601, CNN, 7, 3
1397660402, CNN, 6, 4
1397689201, CNN, 4, 4
1397718002, CNN, 5, 2
1397746802, CNN, 6, 2
1397775602, CNN, 6, 2
1397804402, CNN, 6, 2
1397833201, CNN, 3, 2
1397862001, CNN, 5, 2
1397890801, CNN, 5, 2
1397919602, CNN, 6, 2
1397948401, CNN, 6, 2
1397977202, CNN, 6, 2
1398006002, CNN, 3, 3
1398034801, CNN, 3, 3
1398063601, CNN, 5, 3
1398092401, CNN, 5, 4
1398121201, CNN, 4, 2
1398150001, CNN, 4, 3
1398178802, CNN, 6, 2
1398207602, CNN, 5, 1
1398236401, CNN, 5, 1
1398265202, CNN, 4, 1
1398294001, CNN, 2, 3
1398322802, CNN, 2, 3
1398351601, CNN, 3, 3
1398380401, CNN, 3, 3
1398409201, CNN, 2, 4
1398438002, CNN, 2, 3
1398466801, CNN, 3, 3
1398495601, CNN, 3, 3
1398524401, CNN, 4, 3
1398553201, CNN, 4, 3
1398582001, CNN, 4, 3
1398610801, CNN, 4, 3
1398639601, CNN, 4, 2
1398668402, CNN, 4, 2
1398697201, CNN, 6, 2
1398726001, CNN, 5, 2
1398754802, CNN, 5, 2
1398783602, CNN, 5, 2
1398812402, CNN, 5, 2
1398841202, CNN, 3, 2
1398870001, CNN, 5, 2
1398898801, CNN, 5, 2
1398927602, CNN, 3, 2
1398956401, CNN, 2, 2
1398985201, CNN, 9, 3
1399014001, CNN, 7, 3
1399042801, CNN, 6, 3
1399071601, CNN, 4, 3
1399100402, CNN, 3, 4
1399129201, CNN, 4, 4
1399158001, CNN, 4, 4
1399186801, CNN, 4, 3
1399215601, CNN, 7, 3
1399244401, CNN, 6, 3
1399273201, CNN, 6, 3
1399302002, CNN, 6, 3
1399330801, CNN, 4, 2
1399359601, CNN, 5, 2
1399388402, CNN, 5, 2
1399417201, CNN, 3, 2
1399446002, CNN, 4, 3
1399474801, CNN, 5, 3
1399503602, CNN, 3, 4
1399532401, CNN, 5, 4
1399561201, CNN, 3, 4
1399590001, CNN, 5, 4
1399618801, CNN, 4, 3
1399647601, CNN, 3, 3
1399676401, CNN, 3, 4
1399705201, CNN, 3, 4
1399734001, CNN, 3, 4
1399762801, CNN, 3, 4
1399791601, CNN, 2, 4
1399820401, CNN, 0, 4
1399849201, CNN, 0, 4
1399878002, CNN, 0, 4
1399906801, CNN, 0, 4
1399935601, CNN, 1, 2
1399964402, CNN, 1, 2
1399993201, CNN, 2, 3
1400022001, CNN, 4, 3
1400050802, CNN, 4, 4
1400079601, CNN, 4, 4
1400108401, CNN, 2, 4
1400137201, CNN, 4, 5
1400166001, CNN, 5, 5
1400194801, CNN, 4, 5
1400223601, CNN, 4, 5
1400252402, CNN, 2, 4
1400281201, CNN, 2, 4
1400310001, CNN, 4, 4
1400338801, CNN, 4, 3
1400367601, CNN, 5, 3
1400396401, CNN, 4, 3
1400425201, CNN, 5, 3
1400454001, CNN, 5, 3
1400482801, CNN, 8, 3
1400511602, CNN, 5, 3
1400540401, CNN, 4, 4
1400569201, CNN, 3, 4
1400598002, CNN, 2, 4
1400626801, CNN, 4, 4
1400655601, CNN, 6, 4
1400684401, CNN, 9, 3
1400713201, CNN, 6, 3
1400742001, CNN, 6, 3
1400770802, CNN, 5, 4
1400799601, CNN, 5, 4
1400828402, CNN, 6, 4
1400857201, CNN, 5, 4
1400886002, CNN, 7, 3
1400914801, CNN, 5, 3
1400943601, CNN, 5, 4
1400972401, CNN, 5, 4
1401001201, CNN, 4, 4
1401030001, CNN, 6, 4
1401058802, CNN, 7, 4
1401087601, CNN, 7, 4
1401116401, CNN, 5, 5
1401145202, CNN, 8, 4
1401174001, CNN, 6, 3
1401202802, CNN, 5, 3
1401231601, CNN, 3, 3
1401260401, CNN, 3, 3
1401289201, CNN, 7, 3
1401318001, CNN, 4, 3
1401346801, CNN, 3, 3
1401375601, CNN, 8, 3
1401404401, CNN, 6, 3
1401433202, CNN, 5, 3
1401462001, CNN, 7, 3
1401490801, CNN, 8, 4
1401519601, CNN, 9, 4
1401548402, CNN, 12, 4
1401577201, CNN, 7, 3
1401606001, CNN, 7, 3
1401634802, CNN, 9, 3
1401663601, CNN, 10, 3
1401692401, CNN, 7, 3
1401721201, CNN, 9, 3
1401750001, CNN, 9, 3
1401778801, CNN, 11, 4
1401807601, CNN, 8, 5
1401836401, CNN, 5, 4
1401865201, CNN, 7, 4
1401894001, CNN, 5, 5
1401922802, CNN, 7, 4
1401951601, CNN, 9, 4
1401980402, CNN, 7, 4
1402009201, CNN, 10, 5
1402038001, CNN, 7, 5
1402066801, CNN, 8, 5
1402095601, CNN, 9, 5
1402124401, CNN, 10, 5
1402153201, CNN, 8, 4
1402182002, CNN, 8, 4
1402210801, CNN, 5, 4
1402239601, CNN, 5, 4
1402268401, CNN, 4, 4
1402297201, CNN, 4, 4
1402326001, CNN, 6, 6
1402354801, CNN, 5, 6
1402383601, CNN, 6, 6
1402412401, CNN, 8, 7
1402441201, CNN, 9, 3
1402470001, CNN, 7, 3
1402498801, CNN, 8, 2
1402527601, CNN, 7, 1
1402556401, CNN, 7, 1
1402585201, CNN, 7, 1
1402614001, CNN, 7, 2
1402642801, CNN, 7, 2
1402671601, CNN, 6, 2
1402700401, CNN, 6, 2
1402729201, CNN, 5, 1
1402758001, CNN, 7, 1
1402786801, CNN, 5, 1
1402815602, CNN, 7, 1
1402844401, CNN, 11, 1
1402873201, CNN, 10, 2
1402902001, CNN, 6, 2
1402930801, CNN, 6, 2
1402959601, CNN, 5, 2
1402988402, CNN, 5, 3
1403017201, CNN, 5, 3
1403046001, CNN, 5, 2
1403074801, CNN, 6, 2
1403103601, CNN, 8, 1
1403132401, CNN, 8, 1
1403161201, CNN, 7, 1
1403190001, CNN, 5, 0
1403218801, CNN, 4, 1
1403247601, CNN, 4, 1
1403276401, CNN, 3, 1
1403305201, CNN, 2, 0
1403334001, CNN, 2, 0
1403362801, CNN, 3, 0
1403391601, CNN, 4, 0
1403420401, CNN, 5, 0
1403449202, CNN, 5, 1
1403478001, CNN, 5, 1
1403506802, CNN, 4, 2
1403535601, CNN, 5, 2
1403564401, CNN, 4, 2
1403593201, CNN, 4, 2
1403622002, CNN, 4, 3
1403650801, CNN, 2, 1
1403679601, CNN, 2, 1
1403708401, CNN, 2, 0
1403737201, CNN, 3, 1
1403766001, CNN, 4, 1
1403794801, CNN, 7, 1
1403823601, CNN, 6, 1
1403852401, CNN, 6, 0
1403881201, CNN, 7, 2
1403910001, CNN, 6, 2
1403938801, CNN, 8, 2
1403967601, CNN, 6, 2
1403996401, CNN, 5, 2
1404025201, CNN, 6, 3
1404054001, CNN, 9, 5
1404082801, CNN, 9, 3
1404111601, CNN, 8, 2
1404140401, CNN, 7, 2
1404169202, CNN, 5, 2
1404198001, CNN, 3, 2
1404226802, CNN, 4, 3
1404255602, CNN, 2, 4
1404284402, CNN, 3, 4
1404313201, CNN, 1, 4
1404342001, CNN, 3, 3
1404370801, CNN, 6, 3
1404399601, CNN, 6, 2
1404428401, CNN, 8, 2
1404457202, CNN, 7, 2
1404486002, CNN, 6, 1
1404514801, CNN, 2, 2
1404543602, CNN, 2, 3
1404572401, CNN, 4, 2
1404601202, CNN, 5, 2
1404630001, CNN, 4, 2
1404658801, CNN, 6, 2
1404687601, CNN, 8, 2
1404716401, CNN, 7, 2
1404745201, CNN, 7, 2
1404774001, CNN, 8, 2
1404802801, CNN, 7, 2
1404831602, CNN, 8, 2
1404860401, CNN, 7, 2
1404889202, CNN, 8, 4
1404918001, CNN, 6, 5
1404946802, CNN, 5, 6
1404975601, CNN, 7, 6
1405004401, CNN, 6, 6
1405033201, CNN, 5, 3
1405062002, CNN, 5, 2
1405090801, CNN, 7, 4
1405119601, CNN, 6, 3
1405148401, CNN, 6, 3
1405177201, CNN, 5, 3
1405206001, CNN, 4, 3
1405234801, CNN, 5, 3
1405263602, CNN, 4, 3
1405292401, CNN, 5, 3
1405321201, CNN, 6, 3
1405350002, CNN, 7, 4
1405378802, CNN, 6, 4
1405407602, CNN, 3, 4
1405436402, CNN, 7, 5
1405465202, CNN, 9, 4
1405494001, CNN, 8, 4
1405522801, CNN, 5, 8
1405551602, CNN, 6, 6
1405580401, CNN, 7, 6
1405609201, CNN, 4, 7
1405638001, CNN, 6, 7
1405666801, CNN, 5, 9
1405695602, CNN, 7, 9
1405724401, CNN, 3, 8
1405753201, CNN, 6, 9
1405782001, CNN, 8, 9
1405810801, CNN, 6, 7
1405839601, CNN, 7, 7
1405868401, CNN, 6, 7
1405897202, CNN, 6, 8
1405926001, CNN, 5, 7
1405954801, CNN, 1, 7
1405983602, CNN, 0, 6
1406012401, CNN, 2, 6
1406041202, CNN, 5, 6
1406070001, CNN, 2, 6
1406098801, CNN, 2, 6
1406127601, CNN, 3, 6
1406156401, CNN, 6, 5
1406185201, CNN, 4, 6
1406214001, CNN, 4, 7
1406242801, CNN, 6, 7
1406271601, CNN, 6, 6
1406300401, CNN, 3, 6
1406329202, CNN, 3, 8
1406358001, CNN, 3, 6
1406386801, CNN, 4, 6
1406415601, CNN, 4, 6
1406444401, CNN, 3, 6
1406473202, CNN, 4, 6
1406502002, CNN, 4, 6
1406530801, CNN, 3, 6
1406559602, CNN, 6, 7
1406588401, CNN, 7, 5
1406617201, CNN, 4, 5
1406646001, CNN, 5, 5
1406674801, CNN, 5, 5
1406703601, CNN, 2, 5
1406732401, CNN, 1, 6
1406761201, CNN, 1, 6
1406790001, CNN, 2, 6
1406818801, CNN, 1, 5
1406847601, CNN, 4, 5
1406876401, CNN, 2, 5
1406905202, CNN, 3, 4
1406934002, CNN, 6, 3
1406962801, CNN, 7, 3
1406991601, CNN, 6, 3
1407020401, CNN, 6, 3
1407049201, CNN, 7, 3
1407078001, CNN, 5, 5
1407106801, CNN, 7, 5
1407135601, CNN, 3, 5
1407164401, CNN, 2, 5
1407193201, CNN, 0, 4
1407222001, CNN, 1, 4
1407250801, CNN, 2, 4
1407279601, CNN, 2, 4
1407308401, CNN, 2, 3
1407337202, CNN, 4, 3
1407366002, CNN, 2, 4
1407394801, CNN, 5, 5
1407423601, CNN, 4, 6
1407452401, CNN, 3, 3
1407481201, CNN, 4, 4
1407510002, CNN, 5, 4
1407538801, CNN, 2, 4
1407567601, CNN, 3, 4
1407596401, CNN, 4, 4
1407625202, CNN, 5, 4
1407654002, CNN, 6, 4
1407682802, CNN, 4, 4
1407711601, CNN, 4, 4
1407740401, CNN, 4, 4
1407769202, CNN, 5, 4
1407798001, CNN, 4, 3
1407826801, CNN, 6, 3
1407855602, CNN, 4, 3
1407884401, CNN, 4, 3
1407913202, CNN, 3, 3
1407942001, CNN, 4, 4
1407970801, CNN, 4, 4
1407999601, CNN, 3, 6
1408028402, CNN, 2, 2
1408057201, CNN, 2, 1
1408086002, CNN, 1, 2
1408114801, CNN, 1, 2
1408143602, CNN, 1, 1
1408172401, CNN, 0, 1
1408201202, CNN, 0, 2
1408230001, CNN, 0, 2
1408258801, CNN, 2, 2
1408287601, CNN, 3, 3
1408316401, CNN, 3, 3
1408345201, CNN, 1, 3
1408374001, CNN, 3, 3
1408402801, CNN, 3, 3
1408431602, CNN, 1, 3
1408460401, CNN, 3, 4
1408489201, CNN, 3, 4
1408518001, CNN, 5, 3
1408546801, CNN, 4, 3
1408575601, CNN, 4, 3
1408604402, CNN, 10, 3
1408633201, CNN, 5, 1
1408662001, CNN, 6, 1
1408690801, CNN, 5, 1
1408719601, CNN, 7, 2
1408748401, CNN, 5, 2
1408777201, CNN, 7, 2
1408806002, CNN, 7, 2
1408834801, CNN, 8, 2
1408863601, CNN, 9, 4
1408892401, CNN, 8, 3
1408921202, CNN, 10, 3
1408950001, CNN, 6, 2
1408978801, CNN, 5, 2
1409007601, CNN, 3, 3
1409036401, CNN, 3, 3
1409065202, CNN, 5, 3
1409094002, CNN, 6, 2
1409122801, CNN, 7, 3
1409151601, CNN, 10, 4
1409180401, CNN, 9, 4
1409209201, CNN, 4, 4
1409238001, CNN, 5, 3
1409266802, CNN, 5, 5
1409295601, CNN, 5, 5
1409324401, CNN, 5, 5
1409353201, CNN, 4, 4
1409382001, CNN, 5, 3
1409410801, CNN, 6, 2
1409439601, CNN, 6, 2
1409468401, CNN, 6, 3
1409497201, CNN, 7, 4
1409526001, CNN, 7, 5
1409554802, CNN, 8, 6
1409583601, CNN, 5, 5
1409612401, CNN, 4, 6
1409641201, CNN, 5, 7
1409670001, CNN, 4, 6
1409698801, CNN, 7, 6
1409727601, CNN, 6, 8
1409756401, CNN, 5, 5
1409785201, CNN, 6, 6
1409814001, CNN, 7, 6
1409842801, CNN, 5, 5
1409871602, CNN, 4, 2
1409900401, CNN, 4, 2
1409929202, CNN, 4, 1
1409958002, CNN, 5, 2
1409986801, CNN, 5, 4
1410015601, CNN, 6, 5
1410044401, CNN, 6, 5
1410073201, CNN, 4, 5
1410102001, CNN, 4, 5
1410130801, CNN, 4, 4
1410159602, CNN, 5, 4
1410188401, CNN, 6, 4
1410217201, CNN, 9, 3
1410246001, CNN, 10, 3
1410274802, CNN, 9, 3
1410303601, CNN, 7, 2
1410332401, CNN, 5, 2
1410361201, CNN, 7, 1
1410390001, CNN, 8, 1
1410418801, CNN, 5, 1
1410447601, CNN, 7, 2
1410476402, CNN, 12, 2
1410505201, CNN, 10, 2
1410534001, CNN, 6, 2
1410562801, CNN, 5, 2
1410591601, CNN, 7, 1
1410620402, CNN, 9, 1
1410649201, CNN, 8, 1
1410678001, CNN, 9, 1
1410706801, CNN, 9, 1
1410735601, CNN, 9, 1
1410764402, CNN, 7, 1
1410793202, CNN, 6, 3
1410822001, CNN, 6, 1
1410850801, CNN, 6, 1
1410879602, CNN, 7, 2
1410908401, CNN, 6, 3
1410937201, CNN, 4, 5
1410966001, CNN, 5, 6
1410994801, CNN, 8, 6
1411023601, CNN, 9, 8
1411052402, CNN, 5, 4
1411081201, CNN, 4, 3
1411110001, CNN, 5, 3
1411138802, CNN, 5, 4
1411167601, CNN, 5, 5
1411196402, CNN, 6, 6
1411225201, CNN, 3, 5
1411254001, CNN, 3, 5
1411282801, CNN, 3, 6
1411311601, CNN, 4, 4
1411340401, CNN, 6, 4
1411369201, CNN, 3, 5
1411398001, CNN, 4, 5
1411426801, CNN, 5, 4
1411455602, CNN, 7, 4
1411484401, CNN, 11, 2
1411513201, CNN, 10, 2
1411542002, CNN, 10, 3
1411570801, CNN, 12, 2
1411599601, CNN, 10, 2
1411628401, CNN, 9, 2
1411657201, CNN, 6, 2
1411686001, CNN, 5, 4
1411714801, CNN, 4, 4
1411743601, CNN, 4, 5
1411772401, CNN, 3, 5
1411801202, CNN, 5, 5
1411830002, CNN, 7, 6
1411858801, CNN, 8, 6
1411887601, CNN, 7, 7
1411916402, CNN, 8, 5
1411945201, CNN, 8, 3
1411974001, CNN, 7, 3
1412002802, CNN, 8, 2
1412031601, CNN, 6, 2
1412060401, CNN, 5, 2
1412089202, CNN, 4, 4
1412118001, CNN, 5, 4
1412146802, CNN, 5, 5
1412175601, CNN, 5, 5
1412204402, CNN, 7, 4
1412233201, CNN, 7, 4
1412262001, CNN, 8, 6
1412290801, CNN, 5, 4
1412319601, CNN, 4, 4
1412348401, CNN, 4, 4
1412377201, CNN, 3, 3
1412406001, CNN, 3, 3
1412434801, CNN, 2, 4
1412463601, CNN, 2, 4
1412492402, CNN, 3, 4
1412521201, CNN, 4, 5
1412550001, CNN, 5, 5
1412578802, CNN, 3, 5
1412607601, CNN, 3, 4
1412636401, CNN, 2, 3
1412665201, CNN, 3, 3
1412694001, CNN, 3, 2
1412722801, CNN, 3, 2
1412751601, CNN, 3, 2
1412780401, CNN, 3, 2
1412809201, CNN, 6, 2
1412838001, CNN, 6, 3
1412866801, CNN, 8, 2
1412895602, CNN, 4, 3
1412924401, CNN, 3, 3
1412953201, CNN, 4, 5
1412982001, CNN, 2, 3
1413010801, CNN, 4, 5
1413039601, CNN, 3, 4
1413068401, CNN, 3, 4
1413097201, CNN, 4, 4
1413126001, CNN, 6, 4
1413154801, CNN, 7, 4
1413183601, CNN, 6, 4
1413212402, CNN, 7, 5
1413241201, CNN, 3, 4
1413270001, CNN, 3, 3
1413298801, CNN, 4, 4
1413327601, CNN, 2, 4
1413356401, CNN, 2, 4
1413385201, CNN, 4, 4
1413414002, CNN, 3, 3
1413442801, CNN, 5, 3
1413471601, CNN, 3, 4
1413500401, CNN, 2, 3
1413529201, CNN, 2, 3
1413558001, CNN, 4, 3
1413586801, CNN, 4, 3
1413615602, CNN, 4, 3
1413644401, CNN, 5, 3
1413673201, CNN, 5, 3
1413702001, CNN, 5, 3
1413730801, CNN, 4, 3
1413759601, CNN, 4, 3
1413788401, CNN, 4, 3
1413817201, CNN, 5, 2
1413846001, CNN, 3, 2
1413874802, CNN, 4, 2
1413903601, CNN, 3, 2
1413932401, CNN, 3, 2
1413961201, CNN, 6, 2
1413990001, CNN, 9, 3
1414018801, CNN, 7, 3
1414047602, CNN, 6, 5
1414076401, CNN, 5, 3
1414105202, CNN, 8, 4
1414134001, CNN, 4, 4
1414162801, CNN, 4, 4
1414191601, CNN, 5, 4
1414220401, CNN, 10, 6
1414249202, CNN, 9, 5
1414278001, CNN, 8, 6
1414306802, CNN, 7, 7
1414335601, CNN, 4, 6
1414364402, CNN, 4, 7
1414393201, CNN, 5, 6
1414422002, CNN, 5, 5
1414450801, CNN, 10, 3
1414479602, CNN, 10, 4
1414508402, CNN, 6, 3
1414537201, CNN, 4, 3
1414566001, CNN, 2, 3
1414594801, CNN, 1, 2
1414623601, CNN, 2, 2
1414652401, CNN, 2, 3
1414681202, CNN, 3, 3
1414710001, CNN, 3, 2
1414738802, CNN, 2, 2
1414767601, CNN, 1, 1
1414796401, CNN, 3, 1
1414825201, CNN, 5, 2
1414854001, CNN, 6, 3
1414882801, CNN, 6, 3
1414911601, CNN, 5, 2
1414944001, CNN, 6, 3
1414972801, CNN, 8, 3
1415001602, CNN, 10, 3
1415030402, CNN, 10, 3
1415059201, CNN, 11, 2
1415088002, CNN, 10, 2
1415116802, CNN, 10, 2
1415145602, CNN, 9, 2
1415174401, CNN, 9, 3
1415203202, CNN, 5, 3
1415232001, CNN, 5, 2
1415260801, CNN, 6, 2
1415289602, CNN, 4, 2
1415318401, CNN, 7, 2
1415347201, CNN, 4, 3
1415376002, CNN, 9, 1
1415404801, CNN, 8, 2
1415433601, CNN, 8, 3
1415462401, CNN, 11, 3
1415491202, CNN, 11, 3
1415520001, CNN, 10, 3
1415548802, CNN, 7, 3
1415577601, CNN, 7, 4
1415606401, CNN, 8, 4
1415635201, CNN, 10, 4
1415664001, CNN, 8, 3
1415692801, CNN, 12, 2
1415721601, CNN, 12, 1
1415750401, CNN, 7, 1
1415779202, CNN, 4, 1
1415808002, CNN, 5, 1
1415836802, CNN, 5, 1
1415865602, CNN, 3, 2
1415894402, CNN, 3, 3
1415923201, CNN, 5, 2
1415952002, CNN, 8, 2
1415980802, CNN, 5, 2
1416009601, CNN, 5, 1
1416038401, CNN, 6, 1
1416067201, CNN, 7, 2
1416096001, CNN, 6, 1
1416124801, CNN, 5, 1
1416153602, CNN, 5, 1
1416182401, CNN, 4, 1
1416211201, CNN, 6, 1
1416240002, CNN, 9, 2
1416268801, CNN, 6, 2
1416297601, CNN, 8, 2
1416326401, CNN, 6, 3
1416355202, CNN, 5, 4
1416384001, CNN, 6, 4
1416412801, CNN, 3, 2
1416441605, CNN, 4, 2
1416470402, CNN, 2, 2
1416499202, CNN, 3, 2
1416528002, CNN, 2, 2
1416556801, CNN, 4, 2
1416585602, CNN, 5, 3
1416614402, CNN, 4, 3
1416643202, CNN, 7, 3
1416672002, CNN, 5, 3
1416700801, CNN, 6, 3
1416729601, CNN, 6, 3
1416758402, CNN, 8, 4
1416787201, CNN, 8, 4
1416816001, CNN, 11, 5
1416844803, CNN, 11, 5
1416873601, CNN, 13, 3
1416902402, CNN, 9, 3
1416931202, CNN, 7, 3
1416960001, CNN, 6, 3
1416988801, CNN, 7, 3
1417017601, CNN, 6, 3
1417046401, CNN, 5, 3
1417075202, CNN, 6, 3
1417104002, CNN, 6, 3
1417132801, CNN, 6, 3
1417161602, CNN, 3, 3
1417190402, CNN, 2, 5
1417219201, CNN, 3, 5
1417248001, CNN, 4, 5
1417276801, CNN, 8, 5
1417305602, CNN, 10, 5
1417334402, CNN, 10, 4
1417363202, CNN, 9, 4
1417392002, CNN, 9, 4
1417420801, CNN, 6, 5
1417449601, CNN, 8, 5
1417478403, CNN, 9, 6
1417507202, CNN, 10, 4
1417536002, CNN, 7, 4
1417564802, CNN, 5, 4
1417593602, CNN, 5, 5
1417622401, CNN, 8, 5
1417651202, CNN, 11, 4
1417680001, CNN, 11, 5
1417708803, CNN, 11, 4
1417737601, CNN, 10, 5
1417766402, CNN, 9, 5
1417795201, CNN, 6, 4
1417824001, CNN, 6, 3
1417852802, CNN, 7, 2
1417881602, CNN, 11, 3
1417910402, CNN, 11, 3
1417939202, CNN, 10, 4
1417968002, CNN, 7, 4
1417996802, CNN, 7, 4
1418025602, CNN, 11, 4
1418054402, CNN, 8, 1
1418083201, CNN, 10, 1
1418112001, CNN, 11, 1
1418140802, CNN, 11, 2
1418169602, CNN, 7, 2
1418198402, CNN, 7, 1
1418227203, CNN, 5, 2
1418256002, CNN, 4, 3
1418284802, CNN, 5, 3
1418313602, CNN, 6, 3
1418342401, CNN, 5, 3
1418371202, CNN, 5, 2
1418400003, CNN, 4, 1
1418428802, CNN, 5, 1
1418457602, CNN, 4, 0
1418486402, CNN, 4, 1
1418515202, CNN, 4, 2
1418544001, CNN, 4, 1
1418572802, CNN, 3, 1
1418601601, CNN, 3, 1
1418630402, CNN, 3, 1
1418659202, CNN, 6, 1
1418688002, CNN, 6, 1
1418716802, CNN, 7, 1
1418745602, CNN, 7, 1
1418774401, CNN, 8, 1
1418803202, CNN, 10, 1
1418832002, CNN, 7, 0
1418860801, CNN, 3, 0
1418889601, CNN, 2, 0
1418918403, CNN, 4, 0
1418947202, CNN, 5, 0
1418976001, CNN, 7, 0
1419004801, CNN, 9, 0
1419033602, CNN, 8, 1
1419062402, CNN, 9, 2
1419091202, CNN, 10, 4
1419120002, CNN, 8, 5
1419148802, CNN, 8, 5
1419177602, CNN, 12, 5
1419206402, CNN, 11, 4
1419235201, CNN, 9, 4
1419264002, CNN, 8, 0
1419292802, CNN, 5, 0
1419321602, CNN, 7, 0
1419350402, CNN, 5, 0
1419379202, CNN, 8, 1
1419408002, CNN, 7, 1
1419436802, CNN, 5, 1
1419465602, CNN, 6, 1
1419494401, CNN, 5, 1
1419523202, CNN, 6, 1
1419552002, CNN, 6, 1
1419580801, CNN, 8, 1
1419609602, CNN, 5, 2
1419638402, CNN, 5, 2
1419667202, CNN, 6, 2
1419696002, CNN, 5, 1
1419724802, CNN, 5, 1
1419753602, CNN, 6, 1
1419782402, CNN, 5, 1
1419811201, CNN, 5, 1
1419840001, CNN, 5, 1
1419868801, CNN, 3, 1
1419897601, CNN, 3, 1
1419926402, CNN, 3, 0
1419955202, CNN, 3, 1
1419984002, CNN, 3, 2
1420012802, CNN, 4, 1
1420041602, CNN, 5, 0
1420070401, CNN, 6, 0
1420099202, CNN, 7, 0
1420128002, CNN, 10, 1
1420156802, CNN, 9, 1
1420185602, CNN, 9, 1
1420214402, CNN, 7, 1
1420243201, CNN, 5, 1
1420272002, CNN, 4, 1
1420300802, CNN, 4, 1
1420329602, CNN, 4, 1
1420358401, CNN, 4, 1
1420387202, CNN, 4, 1
1420416002, CNN, 4, 1
1420444802, CNN, 4, 1
1420473602, CNN, 4, 1
1420502402, CNN, 4, 1
1420531202, CNN, 4, 1
1420560002, CNN, 4, 1
1420588802, CNN, 4, 1
1420617602, CNN, 4, 1
1420646403, CNN, 4, 1
1420675201, CNN, 4, 1
1420704002, CNN, 4, 1
1420732802, CNN, 4, 1
1420761602, CNN, 4, 1
1420790402, CNN, 4, 1
1420819202, CNN, 4, 1
1420848002, CNN, 6, 1
1420876802, CNN, 6, 1
1420905602, CNN, 7, 0
1420934402, CNN, 7, 0
1420963202, CNN, 7, 0
1420992002, CNN, 8, 0
1421020802, CNN, 8, 0
1421049602, CNN, 7, 0
1421078402, CNN, 4, 0
1421107202, CNN, 4, 0
1421136002, CNN, 3, 0
1421164802, CNN, 3, 0
1421193602, CNN, 3, 0
1421222402, CNN, 5, 0
1421251202, CNN, 4, 2
1421280002, CNN, 3, 2
1421308802, CNN, 2, 2
1421337602, CNN, 3, 1
1421366402, CNN, 4, 1
1421395202, CNN, 4, 1
1421424002, CNN, 4, 1
1421452802, CNN, 3, 2
1421481602, CNN, 3, 2
1421510402, CNN, 3, 2
1421539202, CNN, 3, 2
1421568002, CNN, 3, 2
1421596802, CNN, 3, 2
1421625602, CNN, 3, 2
1421654402, CNN, 4, 2
1421683202, CNN, 3, 0
1421712002, CNN, 1, 0
1421740803, CNN, 2, 0
1421769602, CNN, 3, 0
1421798402, CNN, 3, 0
1421827202, CNN, 2, 0
1421856003, CNN, 4, 0
1421884802, CNN, 4, 0
1421913602, CNN, 4, 0
1421942403, CNN, 6, 0
1421971202, CNN, 8, 0
1422000002, CNN, 6, 0
1422028802, CNN, 4, 0
1422057602, CNN, 4, 0
1422086402, CNN, 4, 0
1422115202, CNN, 5, 0
1422144002, CNN, 9, 1
1422172802, CNN, 8, 1
1422201602, CNN, 7, 0
1422230402, CNN, 6, 0
1422259203, CNN, 5, 1
1422288002, CNN, 5, 0
1422316803, CNN, 5, 0
1422345602, CNN, 6, 0
1422374402, CNN, 4, 1
1422403203, CNN, 4, 1
1422432002, CNN, 7, 1
1422460802, CNN, 5, 0
1422489602, CNN, 6, 0
1422518402, CNN, 9, 1
1422547202, CNN, 9, 0
1422576002, CNN, 9, 1
1422604802, CNN, 6, 1
1422633603, CNN, 4, 0
1422662403, CNN, 5, 0
1422691203, CNN, 5, 0
1422720002, CNN, 4, 0
1422748802, CNN, 4, 0
1422777602, CNN, 5, 0
1422806402, CNN, 6, 1
1422835202, CNN, 6, 1
1422864002, CNN, 6, 1
1422892802, CNN, 7, 1
1422921602, CNN, 6, 1
1422950402, CNN, 7, 0
1422979202, CNN, 11, 0
1423008002, CNN, 10, 0
1423036802, CNN, 10, 0
1423065602, CNN, 9, 0
1423094403, CNN, 4, 0
1423123202, CNN, 5, 0
1423152002, CNN, 8, 0
1423180802, CNN, 6, 0
1423209602, CNN, 5, 0
1423238402, CNN, 4, 2
1423267202, CNN, 8, 4
1423296003, CNN, 4, 4
1423324802, CNN, 6, 0
1423353602, CNN, 5, 0
1423382403, CNN, 4, 1
1423411203, CNN, 5, 2
1423440002, CNN, 5, 2
1423468802, CNN, 2, 4
1423497603, CNN, 3, 4
1423526402, CNN, 5, 3
1423555203, CNN, 7, 1
1423584003, CNN, 5, 3
1423612802, CNN, 3, 4
1423641602, CNN, 4, 3
1423670402, CNN, 3, 3
1423699202, CNN, 5, 1
1423728002, CNN, 4, 3
1423756803, CNN, 5, 3
1423785603, CNN, 7, 2
1423814403, CNN, 5, 1
1423843202, CNN, 4, 1
1423872002, CNN, 9, 2
1423900803, CNN, 8, 2
1423929602, CNN, 9, 3
1423958403, CNN, 8, 2
1423987203, CNN, 10, 2
1424016003, CNN, 7, 2
1424044803, CNN, 6, 1
1424073602, CNN, 12, 1
1424102404, CNN, 10, 2
1424131203, CNN, 11, 0
1424160002, CNN, 12, 0
1424188803, CNN, 10, 0
1424217602, CNN, 10, 0
1424246403, CNN, 6, 0
1424275202, CNN, 4, 0
1424304002, CNN, 3, 1
1424332805, CNN, 6, 1
1424361602, CNN, 5, 1
1424390402, CNN, 8, 0
1424419203, CNN, 7, 0
1424448003, CNN, 8, 0
1424476803, CNN, 5, 0
1424505602, CNN, 6, 1
1424534402, CNN, 7, 1
1424563203, CNN, 6, 1
1424592003, CNN, 5, 1
1424620802, CNN, 3, 1
1424649602, CNN, 3, 3
1424678402, CNN, 3, 3
1424707203, CNN, 4, 2
1424736002, CNN, 7, 1
1424764803, CNN, 4, 1
1424793603, CNN, 4, 1
1424822402, CNN, 5, 0
1424851203, CNN, 4, 1
1424880003, CNN, 2, 1
1424908803, CNN, 3, 0
1424937603, CNN, 6, 0
1424966403, CNN, 5, 1
1424995203, CNN, 3, 0
1425024002, CNN, 5, 0
1425052802, CNN, 2, 0
1425081603, CNN, 3, 1
1425110403, CNN, 4, 0
1425139202, CNN, 5, 0
1425168003, CNN, 4, 0
1425196803, CNN, 3, 0
1425225602, CNN, 4, 0
1425254402, CNN, 2, 1
1425283202, CNN, 7, 1
1425312002, CNN, 9, 1
1425340803, CNN, 9, 1
1425369603, CNN, 6, 1
1425398402, CNN, 8, 0
1425427202, CNN, 6, 1
1425456002, CNN, 2, 1
1425484803, CNN, 3, 1
1425513603, CNN, 6, 0
1425542403, CNN, 4, 0
1425571202, CNN, 4, 0
1425600003, CNN, 6, 1
1425628803, CNN, 7, 1
1425657603, CNN, 5, 0
1425686403, CNN, 6, 0
1425715203, CNN, 7, 0
1425744003, CNN, 12, 0
1425772803, CNN, 13, 0
1425801602, CNN, 11, 1
1425826803, CNN, 10, 1
1425855602, CNN, 10, 1
1425884402, CNN, 4, 2
1425913203, CNN, 6, 0
1425942003, CNN, 8, 0
1425970802, CNN, 6, 1
1425999602, CNN, 4, 0
1426028403, CNN, 6, 0
1426057202, CNN, 5, 0
1426086003, CNN, 3, 0
1426114803, CNN, 3, 0
1426143602, CNN, 4, 1
1426172403, CNN, 4, 1
1426201202, CNN, 4, 2
1426230003, CNN, 7, 0
1426258803, CNN, 6, 2
1426287603, CNN, 9, 3
1426316402, CNN, 8, 1
1426345203, CNN, 4, 1
1426374003, CNN, 4, 1
1426402803, CNN, 5, 1
1426431603, CNN, 7, 0
1426460403, CNN, 7, 0
1426489203, CNN, 7, 0
1426518003, CNN, 8, 0
1426546803, CNN, 8, 0
1426575603, CNN, 7, 0
1426604403, CNN, 4, 0
1426633203, CNN, 5, 2
1426662003, CNN, 4, 1
1426690803, CNN, 7, 1
1426719603, CNN, 5, 0
1426748403, CNN, 7, 0
1426777203, CNN, 6, 0
1426806003, CNN, 6, 0
1426834803, CNN, 6, 0
1426863603, CNN, 7, 1
1426892403, CNN, 7, 2
1426921203, CNN, 7, 2
1426950003, CNN, 6, 3
1426978803, CNN, 5, 2
1427007603, CNN, 4, 1
1427036403, CNN, 4, 1
1427065203, CNN, 4, 1
1427094003, CNN, 4, 2
1427122803, CNN, 4, 2
1427151602, CNN, 5, 2
1427180403, CNN, 8, 2
1427209203, CNN, 9, 2
1427238003, CNN, 9, 2
1427266802, CNN, 7, 2
1427295603, CNN, 7, 3
1427324403, CNN, 7, 3
1427353202, CNN, 6, 3
1427382003, CNN, 4, 1
1427410803, CNN, 6, 0
1427439603, CNN, 9, 1
1427468403, CNN, 3, 0
1427497203, CNN, 6, 0
1427526003, CNN, 6, 0
1427554803, CNN, 6, 0
1427583603, CNN, 6, 0
1427612403, CNN, 8, 1
1427641203, CNN, 6, 1
1427670003, CNN, 6, 2
1427698803, CNN, 6, 0
1427727603, CNN, 8, 0
1427756403, CNN, 7, 0
1427785203, CNN, 8, 0
1427814003, CNN, 9, 0
1427842803, CNN, 7, 0
1427871603, CNN, 7, 0
1427900403, CNN, 5, 1
1427929203, CNN, 4, 1
1427958002, CNN, 3, 1
1427986803, CNN, 4, 1
1428015603, CNN, 3, 2
1428044403, CNN, 5, 2
1428073203, CNN, 4, 1
1428102003, CNN, 4, 1
1428130806, CNN, 6, 1
1428159603, CNN, 7, 1
1428188403, CNN, 7, 0
1428217202, CNN, 6, 0
1428246003, CNN, 5, 0
1428274803, CNN, 5, 0
1428303603, CNN, 6, 1
1428332403, CNN, 5, 1
1428361203, CNN, 6, 1
1428390003, CNN, 5, 1
1428418803, CNN, 7, 1
1428447603, CNN, 6, 1
1428476403, CNN, 9, 0
1428505203, CNN, 9, 0
1428534003, CNN, 11, 0
1428562803, CNN, 9, 0
1428591603, CNN, 6, 0
1428620402, CNN, 5, 1
1428649203, CNN, 4, 0
1428678003, CNN, 6, 0
1428706803, CNN, 5, 0
1428735603, CNN, 6, 0
1428764404, CNN, 7, 1
1428793203, CNN, 6, 1
1428822003, CNN, 7, 0
1428850803, CNN, 9, 0
1428879603, CNN, 8, 0
1428908403, CNN, 5, 0
1428937203, CNN, 4, 0
1428966003, CNN, 4, 1
1428994803, CNN, 3, 0
1429023603, CNN, 5, 0
1429052403, CNN, 4, 1
1429081203, CNN, 5, 1
1429110003, CNN, 8, 2
1429138803, CNN, 8, 6
1429167603, CNN, 8, 3
1429196403, CNN, 8, 2
1429225203, CNN, 8, 2
1429254003, CNN, 8, 2
1429282803, CNN, 5, 2
1429311603, CNN, 3, 2
1429340403, CNN, 6, 2
1429369203, CNN, 6, 1
1429398003, CNN, 5, 1
1429426803, CNN, 8, 1
1429455603, CNN, 7, 2
1429484403, CNN, 6, 2
1429513203, CNN, 4, 1
1429542003, CNN, 8, 1
1429570803, CNN, 9, 1
1429599603, CNN, 9, 2
1429628403, CNN, 7, 2
1429657203, CNN, 7, 2
1429686003, CNN, 7, 1
1429714803, CNN, 5, 2
1429743603, CNN, 7, 1
1429772403, CNN, 5, 1
1429801203, CNN, 4, 1
1429830003, CNN, 5, 1
1429858804, CNN, 9, 1
1429887603, CNN, 6, 1
1429916403, CNN, 6, 1
1429945203, CNN, 7, 1
1429974003, CNN, 6, 1
1430002803, CNN, 7, 0
1430031604, CNN, 7, 2
1430060403, CNN, 5, 1
1430089203, CNN, 5, 1
1430118004, CNN, 5, 2
1430146803, CNN, 6, 4
1430175604, CNN, 5, 4
1430204403, CNN, 3, 2
1430233203, CNN, 5, 1
1430262003, CNN, 3, 0
1430290803, CNN, 3, 0
1430319603, CNN, 3, 0
1430348403, CNN, 3, 0
1430377203, CNN, 4, 0
1430406003, CNN, 4, 0
1430434803, CNN, 6, 0
1430463603, CNN, 6, 0
1430492403, CNN, 7, 2
1430521203, CNN, 5, 2
1430550003, CNN, 8, 1
1430578803, CNN, 7, 1
1430607603, CNN, 8, 0
1430636403, CNN, 8, 0
1430665203, CNN, 7, 0
1430694003, CNN, 4, 0
1430722803, CNN, 6, 1
1430751603, CNN, 5, 1
1430780403, CNN, 5, 1
1430809203, CNN, 5, 0
1430838003, CNN, 5, 1
1430866803, CNN, 5, 2
1430895603, CNN, 5, 1
1430924403, CNN, 8, 0
1430953203, CNN, 8, 0
1430982003, CNN, 6, 2
1431010804, CNN, 5, 1
1431039604, CNN, 6, 1
1431068403, CNN, 5, 2
1431097203, CNN, 5, 1
1431126003, CNN, 5, 1
1431154803, CNN, 5, 1
1431183603, CNN, 4, 1
1431212403, CNN, 3, 0
1431241203, CNN, 5, 0
1431270003, CNN, 5, 0
1431298804, CNN, 5, 0
1431327604, CNN, 4, 1
1431356403, CNN, 5, 3
1431385203, CNN, 4, 3
1431414003, CNN, 7, 2
1431442803, CNN, 9, 2
1431471603, CNN, 8, 2
1431500404, CNN, 11, 1
1431529203, CNN, 8, 0
1431558004, CNN, 9, 0
1431586804, CNN, 8, 0
1431615603, CNN, 9, 0
1431644403, CNN, 9, 1
1431673203, CNN, 5, 1
1431702003, CNN, 4, 2
1431730803, CNN, 7, 1
1431759604, CNN, 5, 0
1431788403, CNN, 5, 0
1431817203, CNN, 5, 0
1431846003, CNN, 4, 2
1431874803, CNN, 8, 0
1431903603, CNN, 7, 0
1431932404, CNN, 6, 0
1431961204, CNN, 9, 2
1431990003, CNN, 11, 1
1432018803, CNN, 8, 2
1432047603, CNN, 8, 1
1432076404, CNN, 8, 1
1432105204, CNN, 6, 2
1432134004, CNN, 3, 1
1432162804, CNN, 6, 0
1432191604, CNN, 6, 0
1432220403, CNN, 5, 0
1432249204, CNN, 8, 0
1432278003, CNN, 8, 0
1432306803, CNN, 8, 0
1432335604, CNN, 5, 0
1432364403, CNN, 9, 1
1432393203, CNN, 8, 1
1432422003, CNN, 8, 1
1432450804, CNN, 9, 1
1432479603, CNN, 9, 1
1432508403, CNN, 10, 1
1432537203, CNN, 10, 1
1432566003, CNN, 9, 0
1432594803, CNN, 11, 0
1432623603, CNN, 11, 0
1432652403, CNN, 12, 0
1432681203, CNN, 11, 0
1432710004, CNN, 8, 2
1432738804, CNN, 7, 2
1432767604, CNN, 6, 2
1432796403, CNN, 4, 0
1432825204, CNN, 2, 2
1432854004, CNN, 4, 2
1432882804, CNN, 4, 1
1432911603, CNN, 4, 2
1432940403, CNN, 3, 2
1432969203, CNN, 2, 2
1432998004, CNN, 3, 2
1433026803, CNN, 3, 2
1433055603, CNN, 5, 0
1433084403, CNN, 5, 1
1433113203, CNN, 7, 1
1433142004, CNN, 5, 0
1433170804, CNN, 2, 1
1433199603, CNN, 4, 1
1433228403, CNN, 6, 1
1433257203, CNN, 8, 0
1433286003, CNN, 8, 2
1433314803, CNN, 4, 0
1433343604, CNN, 4, 0
1433372403, CNN, 6, 0
1433401203, CNN, 5, 1
1433430003, CNN, 8, 1
1433458803, CNN, 6, 2
1433487604, CNN, 4, 2
1433516404, CNN, 5, 2
1433545203, CNN, 5, 2
1433574003, CNN, 7, 1
1433602804, CNN, 4, 0
1433631604, CNN, 4, 0
1433660403, CNN, 3, 1
1433689203, CNN, 4, 1
1433718003, CNN, 4, 1
1433746804, CNN, 4, 1
1433775604, CNN, 5, 0
1433804404, CNN, 5, 0
1433833204, CNN, 4, 0
1433862003, CNN, 2, 0
1433890803, CNN, 2, 0
1433919603, CNN, 5, 1
1433948403, CNN, 2, 1
1433977204, CNN, 1, 1
1434006003, CNN, 3, 2
1434034803, CNN, 3, 1
1434063603, CNN, 4, 1
1434092404, CNN, 2, 0
1434121203, CNN, 3, 0
1434150004, CNN, 3, 0
1434178803, CNN, 2, 0
1434207604, CNN, 2, 0
1434236404, CNN, 4, 0
1434265203, CNN, 2, 0
1434294004, CNN, 4, 0
1434322804, CNN, 4, 0
1434351603, CNN, 4, 0
1434380404, CNN, 3, 1
1434409203, CNN, 4, 2
1434438004, CNN, 4, 2
1434466803, CNN, 3, 2
1434495604, CNN, 2, 1
1434524403, CNN, 2, 1
1434553203, CNN, 2, 2
1434582003, CNN, 5, 3
1434610804, CNN, 4, 3
1434639603, CNN, 2, 3
1434668403, CNN, 2, 2
1434697205, CNN, 2, 1
1434726004, CNN, 3, 2
1434754804, CNN, 4, 2
1434783603, CNN, 3, 2
1434812403, CNN, 4, 0
1434841204, CNN, 4, 0
1434870004, CNN, 4, 0
1434898803, CNN, 4, 0
1434927603, CNN, 5, 0
1434956403, CNN, 2, 0
1434985204, CNN, 3, 0
1435014004, CNN, 2, 0
1435042803, CNN, 5, 1
1435071604, CNN, 7, 2
1435100404, CNN, 8, 2
1435129203, CNN, 10, 2
1435158004, CNN, 9, 2
1435186803, CNN, 8, 2
1435215604, CNN, 8, 2
1435244403, CNN, 8, 2
1435273203, CNN, 9, 2
1435302003, CNN, 7, 2
1435330803, CNN, 2, 3
1435359604, CNN, 3, 5
1435388404, CNN, 6, 5
1435417204, CNN, 4, 4
1435446003, CNN, 4, 4
1435474803, CNN, 2, 3
1435503603, CNN, 1, 3
1435532403, CNN, 1, 3
1435561203, CNN, 2, 3
1435590007, CNN, 2, 4
1435618803, CNN, 1, 4
1435647604, CNN, 1, 3
1435676404, CNN, 3, 3
1435705203, CNN, 2, 3
1435734004, CNN, 2, 4
1435762803, CNN, 3, 3
1435791604, CNN, 2, 5
1435820404, CNN, 1, 4
1435849203, CNN, 4, 3
1435878003, CNN, 5, 3
1435906804, CNN, 5, 2
1435935604, CNN, 5, 1
1435964404, CNN, 6, 2
1435993203, CNN, 6, 2
1436022004, CNN, 5, 2
1436050804, CNN, 5, 2
1436079603, CNN, 6, 2
1436108403, CNN, 3, 3
1436137204, CNN, 2, 3
1436166003, CNN, 2, 3
1436194804, CNN, 3, 1
1436223603, CNN, 4, 1
1436252403, CNN, 5, 1
1436281203, CNN, 6, 0
1436310003, CNN, 6, 0
1436338804, CNN, 7, 0
1436367603, CNN, 3, 0
1436396403, CNN, 5, 1
1436425203, CNN, 4, 2
1436454003, CNN, 6, 0
1436482804, CNN, 6, 1
1436511603, CNN, 4, 1
1436540403, CNN, 3, 1
1436569204, CNN, 4, 1
1436598004, CNN, 2, 1
1436626803, CNN, 2, 1
1436655604, CNN, 2, 1
1436684403, CNN, 1, 1
1436713203, CNN, 3, 1
1436742003, CNN, 2, 1
1436770804, CNN, 1, 1
1436799603, CNN, 3, 0
1436828404, CNN, 1, 0
1436857204, CNN, 1, 0
1436886004, CNN, 0, 0
1436914804, CNN, 0, 0
1436943603, CNN, 2, 0
1436972403, CNN, 1, 1
1437001203, CNN, 3, 1
1437030004, CNN, 1, 1
1437058804, CNN, 2, 0
1437087604, CNN, 4, 0
1437116403, CNN, 3, 0
1437145204, CNN, 3, 0
1437174003, CNN, 5, 1
1437202804, CNN, 3, 0
1437231603, CNN, 6, 0
1437260403, CNN, 6, 0
1437289203, CNN, 3, 0
1437318004, CNN, 4, 0
1437346803, CNN, 2, 0
1437375603, CNN, 4, 0
1437404404, CNN, 4, 1
1437433203, CNN, 4, 1
1437462003, CNN, 2, 0
1437490804, CNN, 0, 1
1437519603, CNN, 3, 1
1437548403, CNN, 3, 3
1437577203, CNN, 5, 3
1437606004, CNN, 5, 3
1437634803, CNN, 5, 3
1437663603, CNN, 2, 1
1437692403, CNN, 3, 1
1437721203, CNN, 3, 1
1437750004, CNN, 3, 0
1437778804, CNN, 1, 0
1437807604, CNN, 4, 0
1437836403, CNN, 4, 0
1437865204, CNN, 3, 0
1437894004, CNN, 4, 0
1437922804, CNN, 0, 0
1437951603, CNN, 1, 0
1437980403, CNN, 2, 0
1438009204, CNN, 3, 0
1438038003, CNN, 6, 0
1438066804, CNN, 5, 1
1438095604, CNN, 4, 2
1438124404, CNN, 7, 2
1438153204, CNN, 4, 1
1438182003, CNN, 4, 2
1438210803, CNN, 5, 1
1438239604, CNN, 8, 1
1438268404, CNN, 6, 1
1438297204, CNN, 5, 1
1438326004, CNN, 6, 1
1438354803, CNN, 5, 1
1438383603, CNN, 5, 1
1438412403, CNN, 6, 0
1438441204, CNN, 6, 0
1438470003, CNN, 7, 0
1438498803, CNN, 7, 0
1438527603, CNN, 4, 2
1438556404, CNN, 5, 2
1438585204, CNN, 4, 2
1438614004, CNN, 3, 1
1438642804, CNN, 4, 0
1438671604, CNN, 2, 1
1438700403, CNN, 1, 2
1438729204, CNN, 1, 1
1438758003, CNN, 3, 1
1438786803, CNN, 2, 0
1438815604, CNN, 3, 0
1438844404, CNN, 4, 1
1438873204, CNN, 2, 0
1438902004, CNN, 1, 0
1438930803, CNN, 2, 0
1438959604, CNN, 3, 1
1438988403, CNN, 5, 1
1439017203, CNN, 1, 1
1439046004, CNN, 1, 2
1439074803, CNN, 1, 2
1439103604, CNN, 1, 1
1439132404, CNN, 1, 1
1439161203, CNN, 2, 1
1439190004, CNN, 4, 2
1439218803, CNN, 2, 1
1439247604, CNN, 2, 0
1439276404, CNN, 2, 1
1439305203, CNN, 2, 1
1439334003, CNN, 2, 0
1439362804, CNN, 0, 0
1439391603, CNN, 1, 0
1439420403, CNN, 0, 0
1439449204, CNN, 3, 0
1439478003, CNN, 1, 0
1439506803, CNN, 4, 0
1439535604, CNN, 4, 1
1439564404, CNN, 4, 2
1439593203, CNN, 4, 0
1439622004, CNN, 2, 0
1439650804, CNN, 1, 0
1439679603, CNN, 1, 0
1439708404, CNN, 0, 0
1439737204, CNN, 0, 0
1439766004, CNN, 0, 0
1439794803, CNN, 2, 0
1439823604, CNN, 1, 0
1439852404, CNN, 1, 1
1439881204, CNN, 1, 0
1439910004, CNN, 0, 0
1439938806, CNN, 2, 1
1439967604, CNN, 3, 0
1439996404, CNN, 1, 0
1440025203, CNN, 3, 0
1440054004, CNN, 1, 0
1440082804, CNN, 0, 0
1440111604, CNN, 1, 3
1440140404, CNN, 0, 1
1440169204, CNN, 1, 1
1440198004, CNN, 2, 0
1440226803, CNN, 3, 0
1440255604, CNN, 2, 0
1440284403, CNN, 2, 0
1440313204, CNN, 2, 0
1440342004, CNN, 1, 0
1440370804, CNN, 2, 0
1440399603, CNN, 0, 0
1440428404, CNN, 1, 0
1440457204, CNN, 0, 0
1440486004, CNN, 0, 0
1440514804, CNN, 2, 0
1440543604, CNN, 2, 0
1440572403, CNN, 1, 1
1440601204, CNN, 6, 0
1440630004, CNN, 2, 1
1440658804, CNN, 3, 0
1440687604, CNN, 2, 0
1440716404, CNN, 4, 2
1440745204, CNN, 2, 0
1440774004, CNN, 3, 0
1440802804, CNN, 5, 0
1440831604, CNN, 2, 0
1440860404, CNN, 3, 0
1440889204, CNN, 2, 1
1440918004, CNN, 0, 0
1440946804, CNN, 0, 1
1440975604, CNN, 1, 1
1441004403, CNN, 0, 1
1441033204, CNN, 1, 0
1441062004, CNN, 1, 0
1441090804, CNN, 2, 0
1441119604, CNN, 1, 0
1441148404, CNN, 1, 0
1441177203, CNN, 0, 0
1441206004, CNN, 2, 0
1441234804, CNN, 2, 0
1441263604, CNN, 2, 0
1441292404, CNN, 1, 0
1441321204, CNN, 4, 0
1441350004, CNN, 1, 0
1441378804, CNN, 3, 0
1441407604, CNN, 3, 1
1441436404, CNN, 1, 0
1441465204, CNN, 0, 0
1441494004, CNN, 0, 0
1441522804, CNN, 1, 0
1441551605, CNN, 1, 0
1441580404, CNN, 1, 0
1441609204, CNN, 0, 0
1441638004, CNN, 2, 0
1441666804, CNN, 3, 0
1441695604, CNN, 1, 1
1441724404, CNN, 2, 0
1441753204, CNN, 2, 0
1441782004, CNN, 1, 1
1441810804, CNN, 2, 1
1441839604, CNN, 1, 1
1441868404, CNN, 1, 0
1441897204, CNN, 1, 1
1441926004, CNN, 0, 1
1441954803, CNN, 1, 1
1441983604, CNN, 1, 0
1442012404, CNN, 2, 1
1442041204, CNN, 0, 0
1442070004, CNN, 2, 0
1442098804, CNN, 1, 0
1442127604, CNN, 0, 0
1442156404, CNN, 5, 0
1442185204, CNN, 5, 0
1442214004, CNN, 1, 0
1442242804, CNN, 3, 0
1442271604, CNN, 1, 0
1442300404, CNN, 1, 1
1442329204, CNN, 2, 0
1442358004, CNN, 4, 0
1442386804, CNN, 0, 0
1442415604, CNN, 1, 0
1442444404, CNN, 2, 0
1442473204, CNN, 3, 0
1442502004, CNN, 1, 1
1442530804, CNN, 2, 0
1442559604, CNN, 0, 0
1442588404, CNN, 0, 2
1442617204, CNN, 0, 0
1442646004, CNN, 1, 1
1442674804, CNN, 2, 0
1442703604, CNN, 2, 0
1442732404, CNN, 1, 0
1442761204, CNN, 1, 1
1442790004, CNN, 1, 1
1442818804, CNN, 2, 0
1442847604, CNN, 1, 0
1442876404, CNN, 1, 1
1442905204, CNN, 0, 0
1442934004, CNN, 2, 1
1442962804, CNN, 4, 1
1442991604, CNN, 0, 0
1443020404, CNN, 0, 0
1443049204, CNN, 1, 0
1443078004, CNN, 2, 1
1443106804, CNN, 3, 0
1443135604, CNN, 1, 1
1443164404, CNN, 2, 0
1443193204, CNN, 0, 0
1443222004, CNN, 1, 0
1443250804, CNN, 0, 0
1443279604, CNN, 0, 0
1443308404, CNN, 0, 0
1443337204, CNN, 0, 1
1443366004, CNN, 2, 0
1443394804, CNN, 1, 0
1443423604, CNN, 1, 0
1443452404, CNN, 1, 0
1443481204, CNN, 1, 1
1443510005, CNN, 2, 0
1443538804, CNN, 3, 1
1443567604, CNN, 1, 0
1443596405, CNN, 0, 0
1443625204, CNN, 1, 1
1443654004, CNN, 0, 0
1443682804, CNN, 1, 2
1443711604, CNN, 0, 0
1443740404, CNN, 1, 0
1443769205, CNN, 0, 0
1443798004, CNN, 3, 0
1443826804, CNN, 2, 0
1443855604, CNN, 4, 0
1443884404, CNN, 1, 0
1443913204, CNN, 2, 0
1443942004, CNN, 5, 0
1443970804, CNN, 7, 0
1443999604, CNN, 7, 0
1444028404, CNN, 1, 0
1444057204, CNN, 3, 0
1444086005, CNN, 4, 0
1444114805, CNN, 2, 0
1444143604, CNN, 2, 0
1444172404, CNN, 2, 0
1444201204, CNN, 2, 0
1444230004, CNN, 2, 1
1444258804, CNN, 1, 1
1444287604, CNN, 2, 1
1444316404, CNN, 2, 0
1444345204, CNN, 4, 0
1444374004, CNN, 3, 0
1444402804, CNN, 2, 0
1444431604, CNN, 3, 0
1444460405, CNN, 1, 0
1444489204, CNN, 1, 0
1444518004, CNN, 2, 0
1444546804, CNN, 1, 0
1444575604, CNN, 1, 0
1444604404, CNN, 3, 1
1444633204, CNN, 0, 0
1444662005, CNN, 1, 0
1444690804, CNN, 4, 1
1444719604, CNN, 1, 0
1444748405, CNN, 2, 1
1444777205, CNN, 1, 1
1444806005, CNN, 2, 0
1444834805, CNN, 0, 1
1444863605, CNN, 3, 0
1444892404, CNN, 1, 0
1444921204, CNN, 1, 1
1444950004, CNN, 2, 0
1444978804, CNN, 3, 0
1445007604, CNN, 0, 0
1445036405, CNN, 0, 2
1445065204, CNN, 0, 1
1445094004, CNN, 0, 0
1445122804, CNN, 0, 0
1445151605, CNN, 0, 0
1445180404, CNN, 0, 1
1445209205, CNN, 0, 1
1445238004, CNN, 4, 0
1445266804, CNN, 2, 0
1445295604, CNN, 3, 0
1445324405, CNN, 1, 1
1445353204, CNN, 4, 0
1445382005, CNN, 2, 1
1445410804, CNN, 1, 1
1445439604, CNN, 3, 0
1445468404, CNN, 3, 0
1445497205, CNN, 1, 0
1445526005, CNN, 2, 0
1445554805, CNN, 4, 0
1445583604, CNN, 1, 1
1445612404, CNN, 1, 0
1445641204, CNN, 1, 0
1445670005, CNN, 0, 0
1445698804, CNN, 0, 0
1445727604, CNN, 0, 0
1445756404, CNN, 3, 0
1445785204, CNN, 3, 0
1445814004, CNN, 2, 0
1445842805, CNN, 2, 1
1445871604, CNN, 2, 0
1445900405, CNN, 2, 1
1445929205, CNN, 2, 0
1445958005, CNN, 0, 1
1445986805, CNN, 2, 0
1446015604, CNN, 1, 0
1446044404, CNN, 1, 1
1446073204, CNN, 2, 0
1446102005, CNN, 0, 0
1446130804, CNN, 0, 0
1446159605, CNN, 2, 1
1446188404, CNN, 1, 1
1446217205, CNN, 1, 0
1446246004, CNN, 0, 0
1446274805, CNN, 1, 0
1446303604, CNN, 4, 0
1446332404, CNN, 3, 0
1446361204, CNN, 4, 1
1446393604, CNN, 2, 0
1446422405, CNN, 0, 0
1446451205, CNN, 0, 0
1446480005, CNN, 1, 0
1446508804, CNN, 3, 1
1446537604, CNN, 1, 1
1446566405, CNN, 4, 0
1446595205, CNN, 2, 0
1446624005, CNN, 2, 1
1446652805, CNN, 2, 0
1446681605, CNN, 3, 0
1446710405, CNN, 1, 0
1446739205, CNN, 3, 0
1446768004, CNN, 2, 1
1446796805, CNN, 2, 0
1446825605, CNN, 0, 0
1446854405, CNN, 2, 0
1446883205, CNN, 1, 0
1446912004, CNN, 1, 0
1446940805, CNN, 2, 0
1446969608, CNN, 1, 0
1446998404, CNN, 0, 0
1447027205, CNN, 1, 1
1447056004, CNN, 1, 0
1447084805, CNN, 2, 1
1447113604, CNN, 1, 1
1447142404, CNN, 3, 0
1447171205, CNN, 0, 1
1447200005, CNN, 2, 0
1447228805, CNN, 2, 0
1447257604, CNN, 2, 1
1447286405, CNN, 3, 0
1447315205, CNN, 2, 0
1447344005, CNN, 3, 0
1447372804, CNN, 1, 0
1447401605, CNN, 3, 0
1447430404, CNN, 2, 0
1447459205, CNN, 3, 0
1447488005, CNN, 1, 0
1447516805, CNN, 0, 1
1447545605, CNN, 2, 1
1447574404, CNN, 0, 0
1447603205, CNN, 0, 0
1447632005, CNN, 0, 0
1447660805, CNN, 0, 0
1447689604, CNN, 1, 1
1447718405, CNN, 0, 1
1447747204, CNN, 1, 0
1447776004, CNN, 1, 0
1447804804, CNN, 3, 1
1447833605, CNN, 2, 0
1447862405, CNN, 2, 0
1447891205, CNN, 5, 0
1447920005, CNN, 1, 0
1447948805, CNN, 3, 0
1447977602, CNN, 3, 0
1448006403, CNN, 0, 1
1448035202, CNN, 0, 0
1448064003, CNN, 1, 0
1448092803, CNN, 4, 1
1448121603, CNN, 2, 1
1448150402, CNN, 1, 1
1448179202, CNN, 2, 1
1448208003, CNN, 1, 1
1448236802, CNN, 2, 1
1448265602, CNN, 1, 0
1448294402, CNN, 2, 0
1448323202, CNN, 0, 1
1448352003, CNN, 1, 0
1448380802, CNN, 1, 1
1448409603, CNN, 5, 0
1448438402, CNN, 1, 1
1448467202, CNN, 4, 1
1448496002, CNN, 3, 0
1448524802, CNN, 1, 1
1448553602, CNN, 1, 0
1448582402, CNN, 3, 0
1448611202, CNN, 2, 0
1448640003, CNN, 0, 2
1448668802, CNN, 0, 3
1448697603, CNN, 5, 1
1448726402, CNN, 3, 1
1448755203, CNN, 2, 1
1448784002, CNN, 1, 2
1448812802, CNN, 1, 0
1448841602, CNN, 2, 0
1448870402, CNN, 1, 2
1448899203, CNN, 2, 0
1448928002, CNN, 0, 0
1448956803, CNN, 1, 0
1448985603, CNN, 3, 0
1449014402, CNN, 2, 0
1449043203, CNN, 2, 0
1449072003, CNN, 1, 0
1449100803, CNN, 1, 0
1449129602, CNN, 2, 0
1449158403, CNN, 1, 0
1449187203, CNN, 2, 1
1449216003, CNN, 1, 0
1449244802, CNN, 2, 0
1449273602, CNN, 4, 0
1449302403, CNN, 1, 1
1449331203, CNN, 0, 0
1449360003, CNN, 1, 0
1449388802, CNN, 1, 0
1449417603, CNN, 2, 0
1449446402, CNN, 3, 0
1449475203, CNN, 3, 1
1449504002, CNN, 0, 0
1449532802, CNN, 1, 0
1449561603, CNN, 1, 0
1449590402, CNN, 1, 0
1449619203, CNN, 1, 0
1449648002, CNN, 2, 0
1449676803, CNN, 3, 0
1449705602, CNN, 2, 0
1449734402, CNN, 0, 1
1449763208, CNN, 3, 0
1449792003, CNN, 0, 0
1449820802, CNN, 1, 0
1449849602, CNN, 1, 1
1449878402, CNN, 2, 1
1449907203, CNN, 0, 0
1449936003, CNN, 3, 0
1449964803, CNN, 3, 0
1449993603, CNN, 3, 0
1450022402, CNN, 4, 0
1450051202, CNN, 3, 0
1450080002, CNN, 1, 1
1450108803, CNN, 1, 1
1450137603, CNN, 1, 0
1450166402, CNN, 2, 0
1450195203, CNN, 1, 1
1450224003, CNN, 2, 0
1450252802, CNN, 0, 0
1450281603, CNN, 0, 0
1450310402, CNN, 2, 0
1450339203, CNN, 0, 0
1450368003, CNN, 1, 0
1450396802, CNN, 3, 1
1450425602, CNN, 1, 0
1450454402, CNN, 1, 0
1450483203, CNN, 1, 1
1450512002, CNN, 1, 0
1450540803, CNN, 2, 1
1450569602, CNN, 1, 1
1450598402, CNN, 2, 0
1450627203, CNN, 2, 1
1450656002, CNN, 2, 1
1450684803, CNN, 2, 0
1450713602, CNN, 3, 0
1450742403, CNN, 2, 0
1450771203, CNN, 1, 0
1450800002, CNN, 0, 1
1450828803, CNN, 0, 0
1450857603, CNN, 2, 0
1450886403, CNN, 1, 0
1450915203, CNN, 1, 0
1450944003, CNN, 2, 1
1450972802, CNN, 2, 1
1451001603, CNN, 2, 0
1451030402, CNN, 1, 0
1451059202, CNN, 0, 0
1451088002, CNN, 1, 0
1451116803, CNN, 0, 1
1451145603, CNN, 1, 0
1451174402, CNN, 3, 0
1451203203, CNN, 2, 1
1451232003, CNN, 4, 0
1451260802, CNN, 4, 0
1451289602, CNN, 4, 0
1451318403, CNN, 2, 0
1451347203, CNN, 4, 0
1451376002, CNN, 1, 0
1451404802, CNN, 0, 0
1451433603, CNN, 3, 0
1451462403, CNN, 2, 0
1451491202, CNN, 0, 0
1451520003, CNN, 1, 0
1451548803, CNN, 1, 0
1451577603, CNN, 2, 0
1451606403, CNN, 0, 0
1451635202, CNN, 0, 0
1451664003, CNN, 2, 0
1451692802, CNN, 1, 0
1451721603, CNN, 3, 0
1451750402, CNN, 3, 2
1451779203, CNN, 3, 0
1451808003, CNN, 0, 0
1451836802, CNN, 2, 0
1451865603, CNN, 2, 1
1451894402, CNN, 3, 1
1451923203, CNN, 0, 0
1451952003, CNN, 0, 0
1451980802, CNN, 0, 1
1452009603, CNN, 0, 1
1452038402, CNN, 1, 0
1452067203, CNN, 0, 0
1452096003, CNN, 0, 0
1452124803, CNN, 1, 0
1452153603, CNN, 0, 0
1452182403, CNN, 4, 0
1452211203, CNN, 3, 1
1452240003, CNN, 1, 0
1452268803, CNN, 0, 0
1452297603, CNN, 1, 0
1452326403, CNN, 0, 0
1452355203, CNN, 0, 0
1452384002, CNN, 0, 0
1452412801, CNN, 1, 0
1452441601, CNN, 0, 0
1452470401, CNN, 1, 1
1452499201, CNN, 0, 2
1452528001, CNN, 0, 0
1452556801, CNN, 0, 0
1452585601, CNN, 0, 0
1452614403, CNN, 0, 2
1452643202, CNN, 4, 0
1452672001, CNN, 1, 0
1452700801, CNN, 1, 0
1452729601, CNN, 4, 1
1452758401, CNN, 2, 1
1452787202, CNN, 0, 0
1452816001, CNN, 1, 1
1452844802, CNN, 0, 1
1452873601, CNN, 0, 0
1452902402, CNN, 1, 0
1452931201, CNN, 2, 0
1452960001, CNN, 1, 0
1452988802, CNN, 0, 0
1453017601, CNN, 1, 0
1453046401, CNN, 2, 0
1453075201, CNN, 3, 1
1453104001, CNN, 1, 1
1453132802, CNN, 1, 1
1453161601, CNN, 1, 0
1453190401, CNN, 3, 0
1453219201, CNN, 2, 1
1453248001, CNN, 3, 2
1453276801, CNN, 2, 1
1453305602, CNN, 1, 1
1453334401, CNN, 0, 1
1453363201, CNN, 1, 0
1453392002, CNN, 0, 0
1453420801, CNN, 1, 2
1453449601, CNN, 1, 1
1453478401, CNN, 2, 0
1453507201, CNN, 2, 0
1453536002, CNN, 2, 0
1453564801, CNN, 2, 0
1453593601, CNN, 2, 0
1453622401, CNN, 0, 0
1453651201, CNN, 1, 0
1453680001, CNN, 1, 0
1453708801, CNN, 2, 0
1453737601, CNN, 2, 0
1453766401, CNN, 1, 1
1453795201, CNN, 3, 0
1453824001, CNN, 0, 0
1453852801, CNN, 2, 0
1453881601, CNN, 3, 0
1453910401, CNN, 1, 0
1453939201, CNN, 0, 0
1453968002, CNN, 0, 0
1453996801, CNN, 0, 0
1454025602, CNN, 0, 1
1454054401, CNN, 0, 1
1454083202, CNN, 2, 0
1454112001, CNN, 4, 0
1454140801, CNN, 2, 1
1454169601, CNN, 2, 1
1454198401, CNN, 2, 1
1454227201, CNN, 2, 0
1454256001, CNN, 1, 0
1454284801, CNN, 1, 0
1454313601, CNN, 4, 0
1454342401, CNN, 2, 1
1454371201, CNN, 5, 1
1454400001, CNN, 2, 0
1454428802, CNN, 2, 0
1454457602, CNN, 2, 1
1454486401, CNN, 2, 1
1454515201, CNN, 1, 0
1454544001, CNN, 2, 1
1454572801, CNN, 1, 0
1454601601, CNN, 3, 0
1454630401, CNN, 3, 0
1454659201, CNN, 0, 0
1454688002, CNN, 1, 0
1454716803, CNN, 1, 0
1454745601, CNN, 1, 0
1454774401, CNN, 0, 0
1454803202, CNN, 1, 0
1454832001, CNN, 1, 0
1454860802, CNN, 2, 0
1454889601, CNN, 2, 0
1454918401, CNN, 0, 1
1454947201, CNN, 2, 0
1454976001, CNN, 3, 0
1455004801, CNN, 3, 0
1455033601, CNN, 3, 0
1455062401, CNN, 1, 0
1455091201, CNN, 1, 0
1455120001, CNN, 0, 1
1455148801, CNN, 1, 0
1455177601, CNN, 2, 1
1455206401, CNN, 2, 1
1455235201, CNN, 3, 1
1455264001, CNN, 2, 0
1455292801, CNN, 2, 2
1455321601, CNN, 1, 2
1455350402, CNN, 1, 1
1455379201, CNN, 2, 3
1455408001, CNN, 2, 2
1455436801, CNN, 1, 0
1455465602, CNN, 2, 0
1455494401, CNN, 2, 0
1455523201, CNN, 3, 0
1455552002, CNN, 1, 1
1455580802, CNN, 2, 1
1455609601, CNN, 1, 0
1455638401, CNN, 2, 2
1455667201, CNN, 4, 1
1455696001, CNN, 3, 0
1455724801, CNN, 1, 0
1455753601, CNN, 1, 1
1455782401, CNN, 2, 0
1455811201, CNN, 2, 0
1455840001, CNN, 2, 1
1455868801, CNN, 2, 1
1455897602, CNN, 2, 1
1455926401, CNN, 1, 0
1455955201, CNN, 2, 0
1455984001, CNN, 3, 0
1456012802, CNN, 3, 1
1456041601, CNN, 2, 1
1456070401, CNN, 4, 1
1456099201, CNN, 3, 0
1456128001, CNN, 1, 0
1456156801, CNN, 4, 0
1456185601, CNN, 2, 0
1456214401, CNN, 1, 1
1456243202, CNN, 0, 0
1456272001, CNN, 1, 1
1456300801, CNN, 0, 1
1456329601, CNN, 1, 1
1456358401, CNN, 2, 0
1456387201, CNN, 1, 1
1456416002, CNN, 2, 0
1456444801, CNN, 2, 0
1456473601, CNN, 2, 0
1456502402, CNN, 2, 1
1456531201, CNN, 1, 0
1456560001, CNN, 1, 0
1456588801, CNN, 0, 0
1456617601, CNN, 0, 0
1456646401, CNN, 2, 0
1456675201, CNN, 2, 0
1456704001, CNN, 3, 0
1456732801, CNN, 2, 0
1456761602, CNN, 1, 0
1456790401, CNN, 2, 0
1456819201, CNN, 1, 1
1456848001, CNN, 0, 0
1456876801, CNN, 1, 1
1456905601, CNN, 2, 0
1456934401, CNN, 0, 0
1456963201, CNN, 1, 0
1456992001, CNN, 2, 0
1457020801, CNN, 0, 1
1457049601, CNN, 1, 0
1457078401, CNN, 1, 0
1457107201, CNN, 1, 0
1457136001, CNN, 0, 0
1457164802, CNN, 0, 0
1457193602, CNN, 3, 0
1457222401, CNN, 2, 0
1457251201, CNN, 2, 0
1457280001, CNN, 3, 0
1457308801, CNN, 2, 0
1457337601, CNN, 1, 0
1457366401, CNN, 1, 1
1457395201, CNN, 3, 1
1457424001, CNN, 1, 0
1457452801, CNN, 1, 0
1457481601, CNN, 2, 0
1457510401, CNN, 3, 0
1457539201, CNN, 2, 1
1457568001, CNN, 2, 0
1457596804, CNN, 1, 0
1457625602, CNN, 0, 0
1457654401, CNN, 3, 0
1457683201, CNN, 0, 0
1457712001, CNN, 1, 1
1457740801, CNN, 4, 0
1457769601, CNN, 1, 1
1457798402, CNN, 4, 1
1457827201, CNN, 4, 1
1457856001, CNN, 1, 1
1457881202, CNN, 1, 1
1457910001, CNN, 2, 0
1457938801, CNN, 1, 0
1457967601, CNN, 0, 0
1457996402, CNN, 4, 0
1458025201, CNN, 2, 0
1458054001, CNN, 0, 0
1458082801, CNN, 2, 0
1458111602, CNN, 2, 0
1458140402, CNN, 1, 1
1458169201, CNN, 1, 0
1458198001, CNN, 0, 0
1458226801, CNN, 2, 1
1458255601, CNN, 2, 0
1458284401, CNN, 2, 1
1458313202, CNN, 2, 0
1458342001, CNN, 1, 0
1458370801, CNN, 1, 0
1458399601, CNN, 3, 0
1458428401, CNN, 4, 0
1458457201, CNN, 2, 0
1458486001, CNN, 0, 0
1458514801, CNN, 0, 0
1458543602, CNN, 2, 0
1458572401, CNN, 1, 0
1458601201, CNN, 0, 0
1458630001, CNN, 0, 0
1458658801, CNN, 0, 0
1458687601, CNN, 2, 0
1458716402, CNN, 2, 1
1458745202, CNN, 0, 1
1458774001, CNN, 3, 1
1458802801, CNN, 1, 2
1458831601, CNN, 4, 0
1458860401, CNN, 2, 0
1458889202, CNN, 1, 1
1458918001, CNN, 0, 1
1458946802, CNN, 3, 1
1458975601, CNN, 5, 0
1459004401, CNN, 4, 0
1459033201, CNN, 3, 0
1459062001, CNN, 5, 0
1459090802, CNN, 5, 0
1459119601, CNN, 5, 0
1459148402, CNN, 1, 1
1459177201, CNN, 1, 1
1459206001, CNN, 3, 0
1459234801, CNN, 1, 0
1459263601, CNN, 1, 1
1459292402, CNN, 2, 0
1459321201, CNN, 1, 0
1459350001, CNN, 2, 0
1459378802, CNN, 1, 0
1459407602, CNN, 0, 0
1459436401, CNN, 1, 1
1459465201, CNN, 1, 1
1459494001, CNN, 0, 0
1459522802, CNN, 1, 0
1459551601, CNN, 1, 1
1459580402, CNN, 1, 0
1459609201, CNN, 1, 1
1459638001, CNN, 2, 0
1459666801, CNN, 0, 0
1459695601, CNN, 2, 0
1459724401, CNN, 2, 0
1459753201, CNN, 1, 1
1459782001, CNN, 3, 0
1459810802, CNN, 4, 0
1459839601, CNN, 2, 0
1459868401, CNN, 1, 0
1459897201, CNN, 1, 0
1459926002, CNN, 0, 0
1459954801, CNN, 0, 0
1459983601, CNN, 0, 0
1460012401, CNN, 0, 0
1460041202, CNN, 0, 0
1460070002, CNN, 1, 0
1460098801, CNN, 2, 1
1460127601, CNN, 0, 0
1460156402, CNN, 1, 0
1460185201, CNN, 1, 2
1460214001, CNN, 1, 2
1460242801, CNN, 1, 2
1460271601, CNN, 3, 1
1460300402, CNN, 2, 1
1460329202, CNN, 2, 0
1460358002, CNN, 3, 1
1460386801, CNN, 0, 1
1460415602, CNN, 3, 2
1460444402, CNN, 3, 3
1460473202, CNN, 4, 1
1460502001, CNN, 3, 1
1460530801, CNN, 4, 1
1460559601, CNN, 4, 1
1460588401, CNN, 4, 1
1460617201, CNN, 4, 1
1460646002, CNN, 7, 1
1460674801, CNN, 7, 1
1460703601, CNN, 7, 1
1460732401, CNN, 5, 1
1460761202, CNN, 7, 1
1460790002, CNN, 8, 2
1460818803, CNN, 5, 3
1460847602, CNN, 5, 3
1460876401, CNN, 6, 2
1460905201, CNN, 6, 2
1460934001, CNN, 3, 2
1460962801, CNN, 6, 1
1460991602, CNN, 4, 1
1461020401, CNN, 4, 1
1461049202, CNN, 4, 1
1461078003, CNN, 7, 1
1461106801, CNN, 6, 1
1461135601, CNN, 4, 1
1461164401, CNN, 3, 1
1461193201, CNN, 3, 2
1461222001, CNN, 8, 2
1461250802, CNN, 7, 3
1461279601, CNN, 6, 7
1461308402, CNN, 8, 7
1461337201, CNN, 4, 4
1461366001, CNN, 5, 4
1461394801, CNN, 8, 4
1461423601, CNN, 7, 4
1461452401, CNN, 6, 4
1461481202, CNN, 5, 3
1461510001, CNN, 5, 4
1461538801, CNN, 4, 5
1461567601, CNN, 5, 3
1461596401, CNN, 4, 2
1461625201, CNN, 6, 2
1461654001, CNN, 8, 2
1461682801, CNN, 8, 1
1461711601, CNN, 5, 1
1461740401, CNN, 5, 1
1461769201, CNN, 3, 1
1461798001, CNN, 3, 1
1461826801, CNN, 2, 1
1461855601, CNN, 6, 2
1461884402, CNN, 7, 1
1461913201, CNN, 5, 1
1461942001, CNN, 4, 1
1461970801, CNN, 5, 1
1461999601, CNN, 5, 1
1462028402, CNN, 9, 1
1462057201, CNN, 8, 1
1462086001, CNN, 7, 1
1462114801, CNN, 9, 1
1462143601, CNN, 8, 1
1462172401, CNN, 6, 1
1462201201, CNN, 3, 0
1462230002, CNN, 3, 0
1462258802, CNN, 5, 0
1462287601, CNN, 4, 0
1462316402, CNN, 3, 0
1462345202, CNN, 3, 0
1462374004, CNN, 3, 0
1462402801, CNN, 4, 0
1462431602, CNN, 4, 0
1462460401, CNN, 4, 1
1462489201, CNN, 5, 1
1462518002, CNN, 4, 2
1462546801, CNN, 2, 1
1462575601, CNN, 3, 1
1462604401, CNN, 2, 0
1462633201, CNN, 2, 0
1462662001, CNN, 2, 0
1462690801, CNN, 4, 0
1462719601, CNN, 5, 1
1462748403, CNN, 4, 1
1462777202, CNN, 4, 0
1462806002, CNN, 4, 1
1462834801, CNN, 3, 0
1462863601, CNN, 3, 0
1462892402, CNN, 3, 3
1462921201, CNN, 3, 3
1462950002, CNN, 2, 3
1462978802, CNN, 4, 2
1463007601, CNN, 6, 2
1463036401, CNN, 5, 2
1463065202, CNN, 7, 2
1463094002, CNN, 6, 4
1463122801, CNN, 7, 4
1463151602, CNN, 5, 1
1463180401, CNN, 5, 1
1463209201, CNN, 6, 1
1463238001, CNN, 8, 2
1463266802, CNN, 7, 3
1463295601, CNN, 7, 3
1463324402, CNN, 6, 2
1463353202, CNN, 4, 2
1463382001, CNN, 7, 2
1463410801, CNN, 7, 2
1463439601, CNN, 6, 2
1463468401, CNN, 5, 2
1463497202, CNN, 2, 2
1463526002, CNN, 3, 1
1463554802, CNN, 2, 1
1463583602, CNN, 2, 1
1463612401, CNN, 3, 1
1463641201, CNN, 4, 1
1463670002, CNN, 3, 2
1463698801, CNN, 2, 2
1463727602, CNN, 3, 1
1463756401, CNN, 4, 1
1463785201, CNN, 4, 1
1463814001, CNN, 4, 1
1463842802, CNN, 3, 1
1463871601, CNN, 4, 1
1463900402, CNN, 4, 1
1463929202, CNN, 6, 1
1463958001, CNN, 5, 1
1463986801, CNN, 8, 2
1464015601, CNN, 6, 1
1464044402, CNN, 6, 1
1464073201, CNN, 3, 1
1464102001, CNN, 3, 0
1464130802, CNN, 5, 1
1464159601, CNN, 5, 0
1464188401, CNN, 6, 0
1464217202, CNN, 5, 0
1464246001, CNN, 6, 1
1464274802, CNN, 6, 1
1464303602, CNN, 4, 1
1464332401, CNN, 4, 1
1464361202, CNN, 3, 0
1464390002, CNN, 4, 0
1464418802, CNN, 6, 0
1464447602, CNN, 8, 1
1464476401, CNN, 7, 0
1464505202, CNN, 7, 0
1464534002, CNN, 7, 0
1464562801, CNN, 7, 0
1464591601, CNN, 3, 1
1464620401, CNN, 2, 1
1464649202, CNN, 5, 0
1464678001, CNN, 4, 0
1464706803, CNN, 3, 0
1464735602, CNN, 4, 1
1464764402, CNN, 3, 1
1464793202, CNN, 3, 0
1464822001, CNN, 6, 0
1464850802, CNN, 7, 0
1464879602, CNN, 6, 0
1464908401, CNN, 6, 1
1464937202, CNN, 3, 3
1464966002, CNN, 4, 3
1464994801, CNN, 5, 1
1465023602, CNN, 1, 2
1465052402, CNN, 2, 2
1465081202, CNN, 2, 1
1465110001, CNN, 4, 0
1465138801, CNN, 5, 0
1465167602, CNN, 4, 0
1465196402, CNN, 4, 0
1465225202, CNN, 4, 0
1465254002, CNN, 4, 0
1465282802, CNN, 4, 0
1465311602, CNN, 4, 2
1465340401, CNN, 5, 2
1465369204, CNN, 5, 1
1465398001, CNN, 3, 0
1465426802, CNN, 3, 1
1465455602, CNN, 6, 0
1465484402, CNN, 5, 0
1465513201, CNN, 6, 0
1465542002, CNN, 4, 0
1465570801, CNN, 5, 1
1465599601, CNN, 3, 1
1465628401, CNN, 3, 1
1465657201, CNN, 4, 1
1465686002, CNN, 4, 1
1465714801, CNN, 4, 0
1465743603, CNN, 5, 0
1465772401, CNN, 5, 0
1465801201, CNN, 5, 0
1465830002, CNN, 6, 0
1465858801, CNN, 5, 0
1465887601, CNN, 4, 0
1465916402, CNN, 2, 0
1465945201, CNN, 3, 2
1465974001, CNN, 5, 1
1466002802, CNN, 3, 1
1466031602, CNN, 3, 2
1466060402, CNN, 2, 2
1466089201, CNN, 3, 1
1466118002, CNN, 4, 1
1466146801, CNN, 5, 0
1466175602, CNN, 5, 0
1466204402, CNN, 4, 0
1466233202, CNN, 5, 0
1466262002, CNN, 5, 0
1466290801, CNN, 7, 0
1466319602, CNN, 5, 0
1466348402, CNN, 6, 1
1466377201, CNN, 5, 0
1466406001, CNN, 2, 0
1466434801, CNN, 5, 0
1466463601, CNN, 3, 0
1466492401, CNN, 5, 0
1466521202, CNN, 5, 0
1466550001, CNN, 6, 0
1466578802, CNN, 6, 0
1466607601, CNN, 5, 0
1466636401, CNN, 6, 1
1466665202, CNN, 8, 0
1466694002, CNN, 5, 0
1466722801, CNN, 2, 0
1466751602, CNN, 3, 0
1466780402, CNN, 2, 0
1466809201, CNN, 2, 0
1466838001, CNN, 2, 1
1466866802, CNN, 5, 0
1466895602, CNN, 3, 0
1466924402, CNN, 2, 0
1466953202, CNN, 3, 0
1466982001, CNN, 3, 0
1467010801, CNN, 5, 0
1467039601, CNN, 3, 0
1467068401, CNN, 2, 0
1467097201, CNN, 2, 1
1467126002, CNN, 1, 1
1467154802, CNN, 2, 0
1467183601, CNN, 3, 0
1467212401, CNN, 3, 1
1467241202, CNN, 3, 1
1467270002, CNN, 2, 0
1467298802, CNN, 2, 0
1467327602, CNN, 3, 0
1467356402, CNN, 3, 0
1467385202, CNN, 3, 0
1467414002, CNN, 3, 0
1467442801, CNN, 3, 1
1467471601, CNN, 4, 0
1467500402, CNN, 3, 0
1467529202, CNN, 3, 0
1467558001, CNN, 3, 0
1467586801, CNN, 3, 0
1467615601, CNN, 2, 0
1467644402, CNN, 2, 0
1467673202, CNN, 3, 1
1467702001, CNN, 3, 0
1467730801, CNN, 4, 2
1467759601, CNN, 4, 1
1467788402, CNN, 6, 0
1467817201, CNN, 4, 0
1467846001, CNN, 2, 0
1467874802, CNN, 5, 0
1467903601, CNN, 6, 1
1467932402, CNN, 4, 1
1467961201, CNN, 6, 0
1467990002, CNN, 5, 0
1468018801, CNN, 3, 0
1468047602, CNN, 3, 1
1468076401, CNN, 4, 1
1468105202, CNN, 4, 1
1468134001, CNN, 2, 1
1468162801, CNN, 3, 1
1468191602, CNN, 4, 0
1468220402, CNN, 5, 0
1468249202, CNN, 4, 0
1468278001, CNN, 5, 0
1468306802, CNN, 6, 1
1468335602, CNN, 5, 0
1468364402, CNN, 5, 0
1468393202, CNN, 4, 0
1468422002, CNN, 2, 0
1468450802, CNN, 2, 0
1468479602, CNN, 0, 1
1468508401, CNN, 1, 0
1468537202, CNN, 1, 0
1468566002, CNN, 2, 0
1468594801, CNN, 1, 0
1468623602, CNN, 0, 0
1468652401, CNN, 0, 0
1468681201, CNN, 1, 0
1468710001, CNN, 1, 0
1468738802, CNN, 2, 0
1468767602, CNN, 2, 2
1468796402, CNN, 3, 2
1468825201, CNN, 3, 1
1468854002, CNN, 3, 0
1468882801, CNN, 3, 0
1468911601, CNN, 2, 0
1468940401, CNN, 1, 1
1468969202, CNN, 2, 1
1468998002, CNN, 4, 1
1469026802, CNN, 3, 0
1469055601, CNN, 2, 0
1469084401, CNN, 3, 1
1469113202, CNN, 3, 1
1469142002, CNN, 1, 0
1469170802, CNN, 2, 0
1469199601, CNN, 1, 0
1469228402, CNN, 2, 0
1469257201, CNN, 3, 0
1469286001, CNN, 3, 0
1469314801, CNN, 2, 0
1469343602, CNN, 2, 0
1469372401, CNN, 5, 0
1469401202, CNN, 4, 0
1469430002, CNN, 6, 0
1469458801, CNN, 3, 0
1469487602, CNN, 8, 0
1469516402, CNN, 7, 0
1469545201, CNN, 7, 0
1469574002, CNN, 11, 0
1469602802, CNN, 8, 0
1469631602, CNN, 4, 0
1469660401, CNN, 4, 0
1469689202, CNN, 4, 0
1469718001, CNN, 3, 0
1469746802, CNN, 2, 0
1469775601, CNN, 3, 0
1469804402, CNN, 3, 0
1469833202, CNN, 2, 0
1469862001, CNN, 1, 0
1469890802, CNN, 1, 0
1469919602, CNN, 1, 0
1469948402, CNN, 1, 0
1469977202, CNN, 2, 0
1470006002, CNN, 3, 0
1470034802, CNN, 3, 0
1470063602, CNN, 2, 1
1470092402, CNN, 2, 0
1470121202, CNN, 4, 0
1470150002, CNN, 4, 1
1470178802, CNN, 3, 1
1470207602, CNN, 2, 0
1470236402, CNN, 0, 0
1470265202, CNN, 2, 0
1470294002, CNN, 1, 0
1470322801, CNN, 2, 0
1470351602, CNN, 2, 0
1470380401, CNN, 6, 0
1470409201, CNN, 3, 0
1470438002, CNN, 1, 0
1470466802, CNN, 2, 0
1470495602, CNN, 2, 0
1470524401, CNN, 1, 0
1470553201, CNN, 3, 0
1470582001, CNN, 3, 0
1470610802, CNN, 3, 0
1470639601, CNN, 1, 0
1470668401, CNN, 2, 0
1470697201, CNN, 3, 1
1470726002, CNN, 1, 1
1470754802, CNN, 1, 0
1470783602, CNN, 1, 0
1470812401, CNN, 2, 1
1470841201, CNN, 1, 0
1470870002, CNN, 1, 0
1470898801, CNN, 1, 0
1470927602, CNN, 1, 0
1470956402, CNN, 2, 0
1470985202, CNN, 1, 0
1471014002, CNN, 0, 0
1471042802, CNN, 0, 1
1471071601, CNN, 0, 0
1471100402, CNN, 0, 0
1471129202, CNN, 0, 0
1471158002, CNN, 0, 0
1471186802, CNN, 1, 0
1471215604, CNN, 1, 0
1471244401, CNN, 3, 0
1471273201, CNN, 3, 1
1471302001, CNN, 3, 1
1471330801, CNN, 2, 1
1471359602, CNN, 3, 1
1471388401, CNN, 4, 1
1471417202, CNN, 0, 0
1471446002, CNN, 1, 0
1471474802, CNN, 3, 0
1471503602, CNN, 5, 0
1471532401, CNN, 3, 0
1471561202, CNN, 2, 0
1471590002, CNN, 3, 0
1471618802, CNN, 1, 2
1471647602, CNN, 1, 1
1471676402, CNN, 3, 1
1471705202, CNN, 2, 0
1471734002, CNN, 2, 0
1471762801, CNN, 3, 0
1471791602, CNN, 4, 0
1471820401, CNN, 4, 0
1471849202, CNN, 5, 0
1471878001, CNN, 2, 1
1471906802, CNN, 1, 0
1471935602, CNN, 2, 0
1471964401, CNN, 2, 1
1471993202, CNN, 2, 1
1472022002, CNN, 3, 1
1472050802, CNN, 3, 1
1472079602, CNN, 2, 0
1472108401, CNN, 3, 1
1472137201, CNN, 1, 2
1472166002, CNN, 1, 2
1472194801, CNN, 3, 2
1472223602, CNN, 6, 1
1472252402, CNN, 4, 3
1472281201, CNN, 5, 2
1472310006, CNN, 6, 3
1472338801, CNN, 6, 2
1472367602, CNN, 5, 3
1472396402, CNN, 3, 3
1472425201, CNN, 2, 2
1472454002, CNN, 4, 3
1472482802, CNN, 4, 0
1472511602, CNN, 4, 1
1472540403, CNN, 4, 0
1472569202, CNN, 3, 0
1472598001, CNN, 2, 0
1472626802, CNN, 3, 0
1472655602, CNN, 4, 0
1472684402, CNN, 2, 0
1472713201, CNN, 1, 0
1472742002, CNN, 2, 1
1472770802, CNN, 1, 0
1472799602, CNN, 1, 0
1472828402, CNN, 1, 0
1472857202, CNN, 1, 0
1472886001, CNN, 0, 0
1472914802, CNN, 2, 0
1472943602, CNN, 2, 0
1472972401, CNN, 1, 0
1473001202, CNN, 2, 1
1473030002, CNN, 1, 0
1473058802, CNN, 1, 0
1473087602, CNN, 3, 0
1473116401, CNN, 0, 1
1473145202, CNN, 1, 2
1473174002, CNN, 2, 0
1473202801, CNN, 2, 0
1473231602, CNN, 2, 0
1473260402, CNN, 0, 0
1473289202, CNN, 0, 0
1473318002, CNN, 1, 1
1473346802, CNN, 2, 1
1473375602, CNN, 1, 0
1473404402, CNN, 1, 0
1473433203, CNN, 2, 0
1473462002, CNN, 2, 1
1473490802, CNN, 1, 0
1473519602, CNN, 1, 0
1473548401, CNN, 2, 0
1473577202, CNN, 3, 1
1473606002, CNN, 5, 0
1473634802, CNN, 3, 0
1473663602, CNN, 3, 0
1473692403, CNN, 1, 1
1473721202, CNN, 2, 0
1473750002, CNN, 0, 0
1473778802, CNN, 3, 0
1473807603, CNN, 2, 0
1473836401, CNN, 0, 0
1473865202, CNN, 0, 0
1473894002, CNN, 2, 0
1473922801, CNN, 3, 0
1473951602, CNN, 3, 0
1473980402, CNN, 2, 0
1474009202, CNN, 2, 0
1474038002, CNN, 1, 0
1474066802, CNN, 2, 0
1474095602, CNN, 1, 0
1474124402, CNN, 1, 0
1474153202, CNN, 2, 0
1474182002, CNN, 2, 0
1474210802, CNN, 4, 0
1474239602, CNN, 4, 0
1474268401, CNN, 3, 0
1474297202, CNN, 1, 0
1474326002, CNN, 2, 0
1474354802, CNN, 4, 0
1474383604, CNN, 2, 1
1474412402, CNN, 2, 0
1474441202, CNN, 2, 0
1474470005, CNN, 2, 0
1474498802, CNN, 1, 0
1474527602, CNN, 3, 0
1474556402, CNN, 1, 0
1474585202, CNN, 4, 1
1474614001, CNN, 2, 1
1474642802, CNN, 4, 0
1474671602, CNN, 3, 0
1474700402, CNN, 3, 0
1474729202, CNN, 3, 0
1474758002, CNN, 2, 0
1474786802, CNN, 1, 0
1474815602, CNN, 3, 0
1474844402, CNN, 1, 1
1474873202, CNN, 2, 0
1474902002, CNN, 1, 0
1474930802, CNN, 1, 0
1474959602, CNN, 2, 0
1474988402, CNN, 2, 2
1475017202, CNN, 0, 0
1475046002, CNN, 1, 1
1475074803, CNN, 1, 0
1475103602, CNN, 3, 0
1475132401, CNN, 2, 0
1475161202, CNN, 3, 1
1475190001, CNN, 2, 2
1475218801, CNN, 3, 1
1475247601, CNN, 0, 1
1475276401, CNN, 1, 2
1475305201, CNN, 2, 2
1475334001, CNN, 3, 1
1475362802, CNN, 3, 0
1475391601, CNN, 3, 0
1475420401, CNN, 3, 0
1475449202, CNN, 3, 2
1475478002, CNN, 3, 3
1475506801, CNN, 1, 2
1475535601, CNN, 1, 3
1475564401, CNN, 2, 2
1475593202, CNN, 1, 2
1475622001, CNN, 1, 1
1475650801, CNN, 1, 1
1475679601, CNN, 0, 1
1475708401, CNN, 0, 1
1475737201, CNN, 0, 0
1475766002, CNN, 2, 0
1475794801, CNN, 2, 1
1475823602, CNN, 4, 1
1475852402, CNN, 0, 2
1475881201, CNN, 2, 1
1475910001, CNN, 2, 1
1475938801, CNN, 3, 1
1475967601, CNN, 3, 1
1475996401, CNN, 4, 1
1476025201, CNN, 4, 0
1476054001, CNN, 5, 0
1476082801, CNN, 2, 1
1476111602, CNN, 1, 2
1476140401, CNN, 1, 2
1476169201, CNN, 1, 1
1476198001, CNN, 3, 1
1476226801, CNN, 4, 1
1476255601, CNN, 2, 0
1476284401, CNN, 3, 1
1476313201, CNN, 1, 0
1476342001, CNN, 1, 1
1476370801, CNN, 1, 1
1476399601, CNN, 2, 0
1476428402, CNN, 1, 0
1476457202, CNN, 1, 1
1476486002, CNN, 1, 1
1476514801, CNN, 1, 1
1476543602, CNN, 1, 1
1476572401, CNN, 1, 1
1476601202, CNN, 1, 2
1476630001, CNN, 1, 0
1476658801, CNN, 4, 1
1476687601, CNN, 3, 1
1476716401, CNN, 3, 0
1476745201, CNN, 2, 0
1476774001, CNN, 4, 0
1476802801, CNN, 2, 0
1476831601, CNN, 0, 0
1476860402, CNN, 1, 1
1476889201, CNN, 1, 0
1476918001, CNN, 1, 0
1476946801, CNN, 1, 0
1476975601, CNN, 2, 0
1477004402, CNN, 3, 0
1477033201, CNN, 2, 1
1477062001, CNN, 1, 0
1477090801, CNN, 0, 0
1477119602, CNN, 3, 0
1477148402, CNN, 3, 0
1477177201, CNN, 4, 0
1477206001, CNN, 5, 0
1477234801, CNN, 3, 1
1477263601, CNN, 4, 0
1477292401, CNN, 4, 0
1477321201, CNN, 2, 0
1477350002, CNN, 0, 0
1477378801, CNN, 3, 0
1477407602, CNN, 4, 0
1477436401, CNN, 3, 0
1477465201, CNN, 3, 0
1477494001, CNN, 3, 2
1477522801, CNN, 3, 0
1477551601, CNN, 5, 0
1477580402, CNN, 3, 0
1477609201, CNN, 2, 0
1477638002, CNN, 1, 0
1477666802, CNN, 3, 0
1477695602, CNN, 1, 1
1477724401, CNN, 0, 0
1477753201, CNN, 1, 0
1477782001, CNN, 0, 0
1477810801, CNN, 1, 0
1477839601, CNN, 1, 0
1477868402, CNN, 1, 1
1477897201, CNN, 3, 1
1477926001, CNN, 2, 0
1477954801, CNN, 3, 0
1477983602, CNN, 4, 0
1478012402, CNN, 5, 1
1478041201, CNN, 6, 0
1478070001, CNN, 3, 0
1478098802, CNN, 2, 0
1478127602, CNN, 3, 1
1478156401, CNN, 4, 1
1478185202, CNN, 4, 1
1478214002, CNN, 1, 0
1478242802, CNN, 2, 1
1478271602, CNN, 3, 0
1478300401, CNN, 1, 0
1478329201, CNN, 1, 0
1478358001, CNN, 4, 0
1478386801, CNN, 4, 0
1478415601, CNN, 4, 0
1478448002, CNN, 3, 0
1478476802, CNN, 1, 0
1478505601, CNN, 0, 1
1478534402, CNN, 1, 1
1478563201, CNN, 1, 0
1478592001, CNN, 4, 1
1478620801, CNN, 1, 0
1478649601, CNN, 1, 0
1478678402, CNN, 1, 1
1478707201, CNN, 1, 0
1478736002, CNN, 1, 0
1478764801, CNN, 1, 0
1478793602, CNN, 0, 0
1478822401, CNN, 0, 0
1478851201, CNN, 2, 0
1478880002, CNN, 1, 0
1478908801, CNN, 1, 0
1478937601, CNN, 1, 0
1478966402, CNN, 1, 0
1478995201, CNN, 1, 0
1479024001, CNN, 1, 1
1479052802, CNN, 1, 1
1479081601, CNN, 0, 0
1479110401, CNN, 1, 0
1479139201, CNN, 4, 0
1479168001, CNN, 3, 0
1479196801, CNN, 3, 0
1479225602, CNN, 1, 0
1479254402, CNN, 0, 1
1479283201, CNN, 2, 0
1479312002, CNN, 2, 0
1479340801, CNN, 3, 0
1479369601, CNN, 1, 1
1479398401, CNN, 0, 1
1479427201, CNN, 4, 0
1479456002, CNN, 2, 0
1479484802, CNN, 2, 0
1479513601, CNN, 2, 0
1479542401, CNN, 2, 0
1479571202, CNN, 5, 0
1479600002, CNN, 2, 0
1479628801, CNN, 2, 0
1479657602, CNN, 3, 0
1479686402, CNN, 3, 0
1479715201, CNN, 4, 0
1479744001, CNN, 3, 0
1479772801, CNN, 2, 0
1479801602, CNN, 1, 1
1479830401, CNN, 1, 1
1479859201, CNN, 1, 1
1479888001, CNN, 2, 2
1479916801, CNN, 4, 1
1479945601, CNN, 2, 1
1479974401, CNN, 1, 0
1480003202, CNN, 2, 0
1480032002, CNN, 4, 0
1480060801, CNN, 5, 0
1480089602, CNN, 1, 1
1480118402, CNN, 1, 1
1480147202, CNN, 3, 1
1480176002, CNN, 4, 1
1480204801, CNN, 3, 2
1480233602, CNN, 3, 1
1480262401, CNN, 3, 2
1480291201, CNN, 4, 1
1480320001, CNN, 3, 1
1480348802, CNN, 3, 0
1480377602, CNN, 4, 0
1480406401, CNN, 2, 0
1480435201, CNN, 2, 0
1480464001, CNN, 1, 2
1480492802, CNN, 3, 1
1480521601, CNN, 3, 0
1480550401, CNN, 2, 0
1480579202, CNN, 1, 0
1480608001, CNN, 0, 1
1480636801, CNN, 1, 2
1480665601, CNN, 2, 0
1480694402, CNN, 1, 1
1480723202, CNN, 3, 0
1480752001, CNN, 3, 1
1480780801, CNN, 3, 1
1480809602, CNN, 3, 1
1480838401, CNN, 2, 1
1480867202, CNN, 3, 0
1480896001, CNN, 1, 1
1480924801, CNN, 2, 1
1480953602, CNN, 0, 0
1480982401, CNN, 1, 1
1481011201, CNN, 0, 0
1481040002, CNN, 0, 0
1481068801, CNN, 0, 0
1481097601, CNN, 1, 0
1481126401, CNN, 0, 0
1481155201, CNN, 1, 0
1481184002, CNN, 5, 1
1481212802, CNN, 3, 3
1481241602, CNN, 1, 0
1481270402, CNN, 4, 2
1481299202, CNN, 2, 0
1481328001, CNN, 2, 1
1481356801, CNN, 2, 0
1481385602, CNN, 2, 0
1481414402, CNN, 3, 0
1481443201, CNN, 4, 0
1481472002, CNN, 3, 1
1481500802, CNN, 3, 0
1481529602, CNN, 1, 0
1481558402, CNN, 1, 1
1481587202, CNN, 1, 0
1481616002, CNN, 2, 0
1481644801, CNN, 1, 0
1481673607, CNN, 3, 0
1481702401, CNN, 3, 0
1481731201, CNN, 4, 2
1481760002, CNN, 3, 1
1481788801, CNN, 2, 0
1481817602, CNN, 1, 0
1481846402, CNN, 5, 0
1481875201, CNN, 2, 0
1481904002, CNN, 2, 2
1481932802, CNN, 2, 2
1481961602, CNN, 1, 1
1481990402, CNN, 2, 0
1482019201, CNN, 2, 0
1482048002, CNN, 4, 0
1482076802, CNN, 4, 0
1482105601, CNN, 6, 1
1482134402, CNN, 5, 1
1482163202, CNN, 4, 0
1482192001, CNN, 2, 0
1482220801, CNN, 2, 0
1482249602, CNN, 2, 0
1482278402, CNN, 2, 0
1482307201, CNN, 3, 0
1482336002, CNN, 1, 0
1482364802, CNN, 1, 0
1482393602, CNN, 0, 0
1482422402, CNN, 0, 0
1482451201, CNN, 1, 0
1482480002, CNN, 4, 0
1482508801, CNN, 4, 0
1482537601, CNN, 4, 0
1482566402, CNN, 4, 0
1482595201, CNN, 3, 0
1482624002, CNN, 3, 0
1482652801, CNN, 3, 0
1482681601, CNN, 1, 0
1482710402, CNN, 1, 0
1482739201, CNN, 1, 0
1482768002, CNN, 3, 0
1482796802, CNN, 1, 0
1482825601, CNN, 2, 0
1482854401, CNN, 1, 0
1482883202, CNN, 0, 0
1482912002, CNN, 2, 0
1482940801, CNN, 1, 1
1482969602, CNN, 1, 0
1482998402, CNN, 2, 0
1483027202, CNN, 2, 0
1483056001, CNN, 0, 1
1483084802, CNN, 3, 1
1483113602, CNN, 1, 1
1483142401, CNN, 2, 1
1483171202, CNN, 7, 0
1483200002, CNN, 4, 1
1483228801, CNN, 4, 1
1483257601, CNN, 4, 2
1483286402, CNN, 3, 2
1483315202, CNN, 2, 2
1483344001, CNN, 0, 1
1483372801, CNN, 1, 0
1483401602, CNN, 1, 0
1483430402, CNN, 3, 0
1483459202, CNN, 2, 0
1483488002, CNN, 1, 0
1483516802, CNN, 2, 0
1483545602, CNN, 4, 1
1483574402, CNN, 4, 1
1483603203, CNN, 4, 1
1483632002, CNN, 2, 0
1483660801, CNN, 1, 1
1483689602, CNN, 2, 1
1483718405, CNN, 2, 1
1483747202, CNN, 0, 1
1483776001, CNN, 2, 1
1483804801, CNN, 0, 1
1483833602, CNN, 1, 1
1483862402, CNN, 2, 1
1483891202, CNN, 2, 1
1483920001, CNN, 2, 1
1483948801, CNN, 1, 1
1483977602, CNN, 3, 0
1484006402, CNN, 4, 0
1484035202, CNN, 1, 1
1484064002, CNN, 1, 3
1484092802, CNN, 2, 0
1484121602, CNN, 2, 0
1484150402, CNN, 2, 0
1484179201, CNN, 1, 0
1484208003, CNN, 0, 0
1484236802, CNN, 2, 1
1484265601, CNN, 0, 1
1484294402, CNN, 0, 2
1484323201, CNN, 1, 2
1484352001, CNN, 1, 2
1484380802, CNN, 3, 2
1484409602, CNN, 2, 0
1484438402, CNN, 2, 0
1484467202, CNN, 2, 0
1484496002, CNN, 2, 2
1484524801, CNN, 2, 2
1484553602, CNN, 3, 1
1484582402, CNN, 4, 0
1484611202, CNN, 4, 0
1484640001, CNN, 3, 1
1484668802, CNN, 2, 1
1484697601, CNN, 2, 0
1484726402, CNN, 1, 0
1484755202, CNN, 2, 1
1484784001, CNN, 2, 0
1484812801, CNN, 0, 0
1484841602, CNN, 1, 1
1484870402, CNN, 0, 0
1484899203, CNN, 3, 0
1484928001, CNN, 1, 0
1484956802, CNN, 2, 0
1484985602, CNN, 2, 0
1485014401, CNN, 2, 1
1485043202, CNN, 1, 1
1485072002, CNN, 2, 1
1485100802, CNN, 3, 2
1485129602, CNN, 1, 2
1485158402, CNN, 2, 2
1485187202, CNN, 3, 1
1485216002, CNN, 1, 0
1485244802, CNN, 1, 0
1485273602, CNN, 1, 0
1485302401, CNN, 3, 0
1485331202, CNN, 2, 1
1485360002, CNN, 0, 1
1485388802, CNN, 1, 1
1485417602, CNN, 1, 1
1485446402, CNN, 0, 0
1485475201, CNN, 0, 0
1485504002, CNN, 1, 1
1485532802, CNN, 2, 1
1485561602, CNN, 1, 1
1485590402, CNN, 0, 1
1485619202, CNN, 0, 0
1485648002, CNN, 1, 0
1485676802, CNN, 0, 0
1485705602, CNN, 0, 0
1485734402, CNN, 0, 0
1485763202, CNN, 3, 0
1485792002, CNN, 1, 1
1485820802, CNN, 1, 2
1485849602, CNN, 3, 0
1485878402, CNN, 2, 0
1485907202, CNN, 1, 0
1485936002, CNN, 3, 0
1485964802, CNN, 1, 0
1485993602, CNN, 2, 0
1486022402, CNN, 2, 0
1486051201, CNN, 0, 2
1486080002, CNN, 0, 1
1486108802, CNN, 0, 2
1486137602, CNN, 3, 0
1486166402, CNN, 2, 0
1486195202, CNN, 2, 0
1486224002, CNN, 2, 1
1486252801, CNN, 1, 0
1486281602, CNN, 2, 0
1486310402, CNN, 1, 1
1486339202, CNN, 3, 2
1486368002, CNN, 3, 2
1486396802, CNN, 2, 0
1486425601, CNN, 3, 0
1486454401, CNN, 4, 2
1486483202, CNN, 4, 2
1486512002, CNN, 2, 1
1486540802, CNN, 1, 1
1486569602, CNN, 3, 1
1486598401, CNN, 3, 0
1486627202, CNN, 4, 1
1486656002, CNN, 2, 1
1486684802, CNN, 2, 1
1486713602, CNN, 1, 1
1486742402, CNN, 0, 1
1486771202, CNN, 0, 1
1486800002, CNN, 0, 1
1486828802, CNN, 1, 2
1486857602, CNN, 1, 1
1486886402, CNN, 2, 2
1486915202, CNN, 4, 0
1486944002, CNN, 4, 0
1486972802, CNN, 1, 2
1487001602, CNN, 2, 2
1487030402, CNN, 4, 2
1487059201, CNN, 1, 1
1487088002, CNN, 2, 1
1487116802, CNN, 2, 2
1487145602, CNN, 2, 1
1487174402, CNN, 5, 3
1487203202, CNN, 2, 1
1487232002, CNN, 1, 1
1487260802, CNN, 3, 1
1487289602, CNN, 5, 0
1487318401, CNN, 4, 1
1487347202, CNN, 2, 0
1487376002, CNN, 2, 0
1487404802, CNN, 1, 1
1487433601, CNN, 2, 1
1487462402, CNN, 2, 0
1487491202, CNN, 2, 0
1487520002, CNN, 2, 1
1487548801, CNN, 5, 1
1487577602, CNN, 3, 1
1487606402, CNN, 3, 3
1487635202, CNN, 1, 3
1487664002, CNN, 3, 2
1487692801, CNN, 1, 1
1487721602, CNN, 1, 1
1487750402, CNN, 1, 1
1487779202, CNN, 1, 2
1487808002, CNN, 2, 0
1487836802, CNN, 1, 0
1487865602, CNN, 1, 0
1487894402, CNN, 2, 0
1487923202, CNN, 2, 1
1487952002, CNN, 3, 1
1487980803, CNN, 3, 1
1488009601, CNN, 3, 1
1488038402, CNN, 4, 1
1488067202, CNN, 4, 1
1488096002, CNN, 5, 1
1488124802, CNN, 2, 2
1488153602, CNN, 4, 2
1488182402, CNN, 1, 1
1488211202, CNN, 3, 0
1488240002, CNN, 5, 0
1488268802, CNN, 4, 0
1488297602, CNN, 5, 0
1488326402, CNN, 2, 0
1488355204, CNN, 5, 1
1488384002, CNN, 1, 2
1488412802, CNN, 2, 1
1488441602, CNN, 1, 0
1488470402, CNN, 2, 0
1488499202, CNN, 0, 0
1488528002, CNN, 4, 0
1488556802, CNN, 2, 0
1488585602, CNN, 2, 1
1488614402, CNN, 2, 1
1488643202, CNN, 2, 1
1488672002, CNN, 2, 1
1488700802, CNN, 3, 1
1488729602, CNN, 3, 1
1488758402, CNN, 3, 2
1488787202, CNN, 2, 2
1488816002, CNN, 1, 2
1488844803, CNN, 0, 2
1488873602, CNN, 1, 1
1488902402, CNN, 3, 3
1488931202, CNN, 2, 1
1488960002, CNN, 4, 0
1488988802, CNN, 7, 0
1489017601, CNN, 2, 0
1489046401, CNN, 2, 1
1489075202, CNN, 1, 0
1489104001, CNN, 3, 0
1489132801, CNN, 1, 0
1489161601, CNN, 2, 1
1489190401, CNN, 2, 1
1489219201, CNN, 3, 1
1489248001, CNN, 1, 0
1489276801, CNN, 2, 0
1489305601, CNN, 3, 1
1489330803, CNN, 4, 1
1489359601, CNN, 5, 0
1489388402, CNN, 3, 1
1489417202, CNN, 0, 1
1489446002, CNN, 1, 0
1489474802, CNN, 1, 1
1489503601, CNN, 4, 0
1489532401, CNN, 2, 0
1489561201, CNN, 0, 0
1489590001, CNN, 2, 0
1489618801, CNN, 2, 0
1489647602, CNN, 1, 0
1489676401, CNN, 0, 2
1489705201, CNN, 2, 2
1489734001, CNN, 1, 1
1489762802, CNN, 1, 1
1489791601, CNN, 1, 1
1489820401, CNN, 1, 0
1489849202, CNN, 2, 0
1489878002, CNN, 2, 0
1489906801, CNN, 1, 0
1489935601, CNN, 1, 0
1489964402, CNN, 0, 0
1489993201, CNN, 0, 0
1490022002, CNN, 1, 0
1490050801, CNN, 1, 0
1490079601, CNN, 1, 0
1490108401, CNN, 1, 3
1490137201, CNN, 2, 1
1490166001, CNN, 3, 0
1490194801, CNN, 1, 1
1490223602, CNN, 2, 0
1490252402, CNN, 4, 1
1490281201, CNN, 3, 0
1490310001, CNN, 3, 0
1490338801, CNN, 2, 0
1490367602, CNN, 2, 0
1490396402, CNN, 3, 0
1490425201, CNN, 3, 0
1490454002, CNN, 3, 0
1490482801, CNN, 3, 0
1490511601, CNN, 3, 1
1490540401, CNN, 2, 0
1490569201, CNN, 4, 0
1490598001, CNN, 4, 0
1490626802, CNN, 1, 0
1490655602, CNN, 2, 0
1490684401, CNN, 1, 1
1490713201, CNN, 1, 1
1490742002, CNN, 3, 0
1490770801, CNN, 2, 0
1490799602, CNN, 3, 0
1490828401, CNN, 0, 0
1490857201, CNN, 2, 0
1490886001, CNN, 3, 0
1490914801, CNN, 3, 1
1490943601, CNN, 5, 2
1490972402, CNN, 3, 3
1491001202, CNN, 3, 4
1491030001, CNN, 3, 1
1491058802, CNN, 1, 1
1491087601, CNN, 2, 0
1491116402, CNN, 3, 1
1491145202, CNN, 5, 0
1491174002, CNN, 4, 0
1491202802, CNN, 5, 0
1491231601, CNN, 2, 0
1491260401, CNN, 3, 0
1491289201, CNN, 3, 0
1491318001, CNN, 3, 1
1491346801, CNN, 2, 1
1491375602, CNN, 1, 0
1491404402, CNN, 2, 1
1491433202, CNN, 2, 1
1491462001, CNN, 2, 1
1491490802, CNN, 2, 2
1491519602, CNN, 1, 0
1491548402, CNN, 0, 0
1491577202, CNN, 2, 2
1491606002, CNN, 2, 0
1491634802, CNN, 3, 2
1491663602, CNN, 2, 2
1491692402, CNN, 1, 0
1491721202, CNN, 1, 0
1491750002, CNN, 4, 0
1491778802, CNN, 3, 0
1491807603, CNN, 2, 2
1491836402, CNN, 1, 1
1491865202, CNN, 2, 0
1491894002, CNN, 5, 0
1491922802, CNN, 5, 0
1491951601, CNN, 5, 0
1491980401, CNN, 4, 0
1492009201, CNN, 2, 0
1492038002, CNN, 2, 0
1492066801, CNN, 2, 1
1492095602, CNN, 0, 1
1492124402, CNN, 2, 1
1492153202, CNN, 1, 0
1492182002, CNN, 3, 0
1492210802, CNN, 4, 0
1492239602, CNN, 6, 0
1492268402, CNN, 5, 0
1492297201, CNN, 2, 0
1492326002, CNN, 1, 0
1492354802, CNN, 1, 1
1492383602, CNN, 2, 1
1492412402, CNN, 3, 1
1492441202, CNN, 4, 1
1492470001, CNN, 4, 1
1492498802, CNN, 5, 0
1492527602, CNN, 5, 0
1492556403, CNN, 4, 0
1492585202, CNN, 4, 1
1492614002, CNN, 2, 0
1492642801, CNN, 3, 0
1492671602, CNN, 1, 0
1492700401, CNN, 3, 0
1492729202, CNN, 2, 0
1492758002, CNN, 3, 0
1492786802, CNN, 1, 0
1492815602, CNN, 2, 0
1492844402, CNN, 1, 0
1492873202, CNN, 2, 0
1492902002, CNN, 1, 0
1492930802, CNN, 1, 0
1492959602, CNN, 0, 0
1492988402, CNN, 0, 0
1493017202, CNN, 0, 0
1493046002, CNN, 1, 0
1493074802, CNN, 2, 0
1493103602, CNN, 2, 1
1493132402, CNN, 0, 4
1493161202, CNN, 2, 3
1493190002, CNN, 3, 4
1493218802, CNN, 2, 4
1493247601, CNN, 3, 5
1493276402, CNN, 3, 1
1493305202, CNN, 3, 1
1493334001, CNN, 3, 0
1493362802, CNN, 3, 0
1493391602, CNN, 2, 1
1493420402, CNN, 2, 0
1493449202, CNN, 2, 0
1493478002, CNN, 1, 1
1493506802, CNN, 1, 1
1493535602, CNN, 1, 1
1493564402, CNN, 1, 1
1493593202, CNN, 1, 1
1493622001, CNN, 2, 2
1493650802, CNN, 2, 1
1493679602, CNN, 2, 2
1493708402, CNN, 2, 0
1493737202, CNN, 2, 1
1493766002, CNN, 3, 0
1493794802, CNN, 3, 0
1493823602, CNN, 1, 1
1493852402, CNN, 1, 4
1493881202, CNN, 0, 3
1493910002, CNN, 0, 3
1493938802, CNN, 0, 2
1493967602, CNN, 2, 0
1493996402, CNN, 5, 0
1494025202, CNN, 5, 2
1494054002, CNN, 7, 3
1494082802, CNN, 3, 2
1494111602, CNN, 4, 2
1494140401, CNN, 2, 0
1494169202, CNN, 3, 1
1494198002, CNN, 2, 0
1494226802, CNN, 4, 0
1494255602, CNN, 1, 0
1494284402, CNN, 4, 0
1494313202, CNN, 4, 0
1494342003, CNN, 3, 1
1494370802, CNN, 2, 1
1494399602, CNN, 3, 0
1494428402, CNN, 2, 0
1494457202, CNN, 2, 1
1494486002, CNN, 1, 1
1494514802, CNN, 1, 1
1494543602, CNN, 0, 1
1494572402, CNN, 0, 1
1494601202, CNN, 2, 1
1494630002, CNN, 2, 0
1494658802, CNN, 3, 0
1494687603, CNN, 1, 1
1494716402, CNN, 1, 1
1494745202, CNN, 1, 1
1494774002, CNN, 1, 0
1494802802, CNN, 1, 1
1494831602, CNN, 2, 1
1494860403, CNN, 4, 1
1494889202, CNN, 2, 1
1494918002, CNN, 3, 1
1494946802, CNN, 2, 0
1494975603, CNN, 1, 1
1495004402, CNN, 3, 0
1495033202, CNN, 1, 0
1495062002, CNN, 1, 1
1495090802, CNN, 0, 2
1495119602, CNN, 1, 2
1495148402, CNN, 1, 2
1495177202, CNN, 1, 1
1495206002, CNN, 4, 2
1495234802, CNN, 0, 1
1495263602, CNN, 1, 0
1495292407, CNN, 1, 0
1495321202, CNN, 1, 0
1495350002, CNN, 1, 0
1495378802, CNN, 2, 0
1495407604, CNN, 3, 0
1495436403, CNN, 2, 1
1495465202, CNN, 1, 0
1495494002, CNN, 1, 2
1495522802, CNN, 1, 1
1495551603, CNN, 0, 1
1495580402, CNN, 3, 0
1495609202, CNN, 2, 1
1495638002, CNN, 2, 1
1495666802, CNN, 2, 1
1495695603, CNN, 5, 2
1495724402, CNN, 4, 2
1495753202, CNN, 2, 2
1495782003, CNN, 2, 2
1495810802, CNN, 2, 2
1495839602, CNN, 1, 0
1495868402, CNN, 2, 1
1495897202, CNN, 5, 0
1495926002, CNN, 4, 0
1495954803, CNN, 3, 0
1495983603, CNN, 2, 0
1496012402, CNN, 2, 0
1496041202, CNN, 0, 0
1496070002, CNN, 3, 0
1496098802, CNN, 3, 0
1496127602, CNN, 3, 0
1496156402, CNN, 3, 0
1496185202, CNN, 3, 0
1496214003, CNN, 3, 0
1496242802, CNN, 3, 0
1496271603, CNN, 2, 0
1496300403, CNN, 3, 0
1496329202, CNN, 4, 0
1496358002, CNN, 2, 0
1496386802, CNN, 0, 0
1496415602, CNN, 0, 0
